0.744466
0.223953
0.645681
1.14644
0.739762
1.46151
1.17447
1.68274
0.717469
1.92303
1.99455
0.284901
0.144323
1.77023
0.818557
1.24504
0.888024
1.70844
0.270316
0.283592
0.480272
1.01179
0.637273
1.43054
0.825848
1.49804
0.22844
0.740617
0.97402
1.99705
0.618083
0.606056
1.48277
1.29429
1.86638
0.238051
1.19876
1.10963
1.22234
1.72462
0.938365
1.42139
1.70702
0.642569
0.33442
1.54313
0.833677
1.07237
0.352984
0.0822612
0.75398
0.19533
1.82867
0.744849
1.55264
1.5083
1.8489
0.0855555
0.241093
1.65241
1.40896
0.233794
1.03707
1.75101
1.3755
1.48301
1.63841
0.60294
1.71119
1.49149
0.749485
1.79513
0.154886
1.57321
1.88734
1.80051
0.381148
1.9491
0.0171442
1.80354
0.0297709
1.0448
0.767683
0.742966
0.239133
0.71576
1.95193
0.137146
1.36082
1.32442
0.115339
1.45596
1.72909
0.380766
1.90864
1.04255
0.385153
1.29302
0.74657
0.663211
1.24947
1.07053
0.228519
0.715976
0.379393
1.88313
0.704089
1.94864
1.46075
0.562811
0.346136
0.927191
1.61063
0.407873
0.739547
0.0966667
1.66993
0.890324
1.38565
0.643171
1.95878
0.522681
0.78942
1.6536
1.36451
1.62643
0.263015
0.937495
0.762206
0.708589
0.14422
0.470799
0.824597
0.270135
0.765217
1.15605
1.03794
1.21684
1.30309
0.155005
1.60056
1.00791
1.76908
0.184926
0.381666
0.399949
1.35505
0.133641
0.305792
1.78994
1.8555
1.20175
0.325968
0.716795
1.10315
0.976048
0.403556
0.493207
1.09599
1.4836
0.144129
0.612381
0.520161
0.289538
1.80295
0.672854
0.66553
0.034433
1.81502
0.0634272
0.340517
1.14459
1.49745
0.229149
0.8286
1.18142
1.84288
1.16738
0.574315
0.439185
1.47344
1.79019
1.03642
0.107888
0.786377
1.11024
1.88722
1.48264
1.50202
1.60652
0.66623
0.172194
1.94673
0.723661
1.76512
1.18647
1.86317
0.0877454
0.116381
0.727466
1.27697
1.9301
1.92067
0.911808
0.0945321
0.195974
0.560465
1.27507
1.01817
0.854456
1.19176
1.32098
1.02333
1.95065
0.387723
0.119787
0.357888
0.167974
0.138741
0.974544
0.950834
0.4725
0.988489
0.0343896
0.131646
0.181675
0.583085
1.36301
1.8278
1.51046
0.205326
1.67068
1.02451
0.707737
1.20628
0.499385
0.831322
1.97705
1.77025
0.936304
0.112113
1.73936
1.54211
1.34787
1.964
0.0268631
1.72343
1.15906
0.26382
0.319055
1.53308
0.538506
1.00201
0.799618
1.11131
0.202826
0.77212
0.179711
1.63344
1.92242
0.778998
1.70805
1.62753
0.84511
0.22455
0.840464
0.958956
0.806754
0.887704
1.99409
1.58051
1.59653
0.477326
1.36748
0.591441
1.63278
1.83576
0.847684
0.453635
0.580679
0.120484
0.472515
0.399904
0.507576
0.438222
0.285458
1.68684
1.91591
0.824621
1.17225
1.21372
1.00439
1.53313
1.03702
0.853109
1.23849
0.0785596
0.65468
0.843499
1.34881
1.54164
1.32036
1.95536
1.31462
1.13253
0.747386
1.18332
0.315984
1.99629
1.9272
0.187288
0.871806
1.01776
0.0754537
0.109082
1.76571
0.233816
0.566948
0.789611
0.0275216
0.263617
0.245638
0.439978
0.310196
1.92089
1.65136
0.629851
1.93934
1.95549
0.875503
0.98829
1.25872
1.2587
1.11905
0.413963
1.4818
0.0346527
1.01576
1.39438
0.493119
0.977878
1.80442
1.64511
1.65735
1.39698
0.0259369
1.71512
1.4795
0.544026
0.149374
1.33867
1.63587
1.47015
0.748923
1.24898
0.780874
1.3209
1.91869
0.0557586
1.61261
0.679077
1.5941
0.088569
1.96225
1.2694
1.25211
0.743935
0.576328
0.251382
1.73243
1.14632
1.97754
0.74402
1.35064
0.658593
1.53175
1.40407
1.25503
0.163206
1.3752
0.389267
0.35138
1.97371
1.11003
0.196928
1.87872
1.18934
0.326719
0.150075
0.912604
1.38515
1.07865
1.80592
1.39563
0.500228
0.161437
1.00598
1.88205
1.67405
0.193358
0.89256
0.888587
0.830057
1.3591
0.373796
0.338177
1.94683
0.395787
0.560682
1.74256
0.046365
0.801501
0.313798
0.837501
0.761237
1.12835
1.32124
1.02427
0.0336313
0.241769
0.906118
0.231236
1.58039
1.44461
0.639272
1.66398
0.529761
1.59645
1.86884
1.92696
0.907794
1.77385
1.24389
0.0574987
1.94541
0.119216
0.237851
1.32803
0.747984
0.735522
0.590875
0.383131
1.24575
1.63469
1.47211
0.824113
0.925492
0.998907
0.629338
1.85376
1.36691
0.779659
1.68907
0.59254
0.40217
0.458532
1.49957
0.640923
0.30644
1.36696
0.607783
1.19412
1.5929
1.68094
0.488982
1.93597
1.38814
1.8693
1.75649
1.00756
1.36266
1.45209
1.16482
1.60559
0.182533
0.711982
0.733276
1.02972
1.98322
0.54316
0.973986
1.64606
0.455164
0.391463
1.96447
1.38076
1.44595
0.215425
0.027844
1.13637
1.5181
0.223166
1.55212
1.35413
0.427475
1.14898
1.33594
0.927167
1.15738
1.63217
0.570271
0.492724
0.713973
1.67866
0.564114
1.08219
0.445261
0.634037
0.611813
0.69713
1.81626
0.342436
1.5452
0.179274
0.934697
0.988766
1.59278
0.556234
0.576957
1.19488
0.52531
0.717188
1.45119
1.75732
1.18043
0.690987
0.587648
0.440825
0.88083
1.08352
0.334466
0.0487164
1.14851
1.35066
0.113852
1.85405
0.594758
0.790933
1.55187
1.26502
1.42247
0.383657
0.999362
1.34347
1.46332
0.803878
0.479246
0.478361
0.187487
1.74783
1.09357
1.35334
1.6372
0.831096
1.65115
1.03222
0.299189
0.902535
1.14969
0.783572
1.87834
0.881484
0.0201265
1.383
0.684329
0.480028
1.7374
0.165074
1.19439
0.764933
1.97763
0.754509
1.75591
0.200702
0.618639
0.986335
1.3501
1.10283
1.64281
1.67538
1.8764
1.4986
1.7667
1.82523
0.924705
0.366248
1.65738
0.704685
1.6099
0.42508
0.396386
1.7867
0.812499
0.428043
1.11489
1.72988
0.632746
1.85731
1.5672
0.543881
1.9875
1.73579
1.16871
0.322866
1.96529
0.455728
1.70859
1.09792
0.564094
1.97069
0.411287
1.89742
1.03192
0.185739
0.0926191
0.57043
0.337501
1.27598
0.914959
1.65167
1.27924
1.55892
1.54739
0.646586
1.84566
1.1362
1.83281
0.119221
0.820222
0.00724804
0.819193
1.01984
0.298902
0.232639
1.63077
0.286557
1.66446
1.44748
0.551738
0.856155
0.587461
0.980393
1.84209
0.354497
1.52304
1.61605
0.786911
1.74779
0.206528
0.100044
0.236592
1.15861
0.613947
0.48123
0.974404
1.01815
0.382784
0.911199
0.12192
0.33362
0.425523
0.3379
1.46322
0.356589
1.27717
0.904703
1.2004
1.86196
1.80866
0.359534
0.330138
0.345566
0.630933
1.39963
0.102275
1.84576
1.22874
0.0441864
0.37069
1.41284
0.695893
0.755527
1.08004
1.95241
1.16247
1.0874
1.90885
1.44028
0.289894
0.147096
1.90466
0.238975
1.28887
0.668451
0.53261
1.08236
0.0833741
0.529473
1.52626
1.45583
0.726417
1.8381
1.91123
1.69896
1.53255
0.420634
1.04995
0.709471
0.813562
0.385824
1.92755
1.70842
0.172069
1.15168
1.49942
1.29678
0.78742
1.28162
0.699881
0.93343
0.0419892
1.29476
1.44864
1.42394
1.83774
0.0187497
0.0790854
0.910777
1.69824
1.21033
1.73513
0.181591
1.64223
1.1244
1.47691
1.67964
0.946636
1.2224
1.87384
0.0828431
1.92116
0.816705
1.82731
0.962641
0.238485
0.186235
0.174118
0.18069
0.517409
0.114962
1.78003
0.715783
1.97925
1.88525
1.41824
0.814365
1.78014
1.70101
0.0194653
1.32311
1.55655
0.0791858
0.731286
1.70746
0.842942
1.19946
1.00019
1.79503
1.84457
0.909303
0.536458
1.10333
1.14917
1.46823
0.0362037
1.81156
1.44792
0.549039
0.850873
1.45834
1.83657
0.0200767
1.6389
0.508987
0.390987
1.98435
1.94457
0.345166
0.721074
1.32445
1.18827
1.57789
1.53839
0.173971
0.157382
0.035321
1.36967
1.72339
0.0715279
1.89802
0.662161
1.59483
1.02933
0.714698
1.89364
0.474137
1.36944
0.391189
1.32015
0.87226
0.43677
1.36157
0.828513
1.55875
1.55304
0.942493
0.647634
0.118114
1.36557
0.798193
1.6273
0.542462
1.76248
0.335668
1.41872
1.7984
1.70594
1.39605
1.31975
1.18318
1.49036
0.615709
1.23264
1.17095
1.1361
1.77541
1.60388
1.5763
1.25578
1.57678
0.425935
1.22806
1.53164
0.172449
0.747886
0.448828
0.861903
1.32229
0.278639
0.482681
0.159055
1.4372
0.200777
1.71637
1.48153
0.194903
0.503039
0.895012
1.24934
0.250628
0.445209
1.53346
1.57043
0.309837
0.717945
1.5803
1.06115
1.97374
0.0225312
0.75873
0.45607
0.382204
1.54157
0.46786
1.61519
1.0952
1.7738
0.0928314
0.463512
0.841939
1.32696
1.95468
0.946945
0.68822
0.31201
0.029665
1.55935
1.01134
1.30022
1.80183
1.25201
1.57999
1.81685
0.132505
1.05492
1.8788
1.58449
1.64341
1.96048
0.322303
0.264524
0.443747
1.9672
0.721833
1.31558
0.13765
0.222977
0.327231
0.746975
0.135085
0.391997
1.31207
0.159937
0.818846
1.69234
0.65597
0.0611204
1.96424
0.514773
0.165944
0.914105
1.81226
1.02551
0.862781
0.426431
1.27852
0.071381
1.0897
1.68409
1.90565
1.73642
1.17652
0.0567172
1.07601
1.8987
0.0514896
0.0741174
0.460974
0.856089
0.660633
0.406499
0.683962
1.58634
0.883665
0.422099
0.629483
0.468617
0.155342
0.573491
1.33922
1.81368
1.19923
1.34512
0.435141
0.640922
0.382295
1.16974
1.67532
1.7981
1.7073
1.99252
1.83562
0.76978
0.256984
0.204262
0.845251
0.860339
1.26743
0.962134
0.221163
0.450473
1.40515
0.896071
1.80623
1.11771
0.345469
1.81893
1.02008
0.00780923
1.20351
1.73967
1.97031
1.79031
1.65109
0.318146
0.920526
0.505502
1.30181
0.728061
1.89178
0.672754
1.41334
0.849649
1.91534
1.79567
1.43555
1.09873
0.625453
1.70972
1.56428
0.837542
0.247802
1.83721
0.947667
1.8076
0.207671
0.298788
1.97833
0.323887
1.59238
1.75194
1.60915
0.524167
0.357201
0.119513
1.5441
0.198933
0.161604
1.43805
0.660384
1.31467
0.0208072
1.87367
1.81937
1.32241
0.986177
1.0404
0.555461
1.35728
0.94952
1.90577
1.71461
1.0287
1.00649
1.17116
0.991629
1.706
0.429322
0.718775
1.59951
1.44594
0.79931
0.897335
1.68883
1.59437
1.43318
0.0224401
0.96656
0.0492605
0.489459
1.45947
0.263792
0.122765
1.40488
0.873803
1.61163
0.964868
0.500249
0.431611
0.668818
1.74145
1.32091
1.34257
1.03401
0.62354
1.95526
0.168422
1.90193
0.308306
1.4146
0.159433
1.48309
1.34086
1.61052
1.52963
1.91522
1.15809
0.395596
1.63112
0.398008
1.55973
0.219542
1.727
0.957549
0.798837
0.407721
1.92342
0.318657
1.79084
0.716757
1.59688
0.616041
1.97505
0.0528302
0.93067
1.33155
1.27594
0.568442
1.43304
0.694596
1.5929
1.98935
1.67645
0.62235
1.76046
0.930577
1.96858
1.43159
1.48657
0.64612
1.24698
1.86912
0.247975
0.569442
0.239325
1.47254
1.49236
1.23848
0.316055
0.928955
1.66222
0.854038
1.51516
0.86227
1.9103
1.10214
1.95545
1.60652
0.931404
0.608275
1.36462
0.461359
1.00171
0.944039
1.57969
1.74208
0.385099
0.634573
1.37706
0.574221
1.42942
0.637794
0.173772
1.3934
0.141566
1.48368
1.01773
0.44876
0.061475
1.3377
0.0740857
0.413173
0.595601
0.82008
0.30479
1.19446
1.80522
0.332159
0.0540248
1.10827
1.9497
1.6535
1.46079
0.0668215
0.624659
1.51041
0.00949362
0.737347
0.15194
0.594485
1.66053
0.16809
0.430293
0.583824
1.08898
0.149196
1.50504
0.430337
0.467182
1.77
1.00626
1.33496
1.42271
0.265057
1.77849
1.05292
1.46186
1.0425
0.802576
1.89974
0.911156
1.38453
0.812254
1.98075
0.356332
1.75212
1.79842
0.895132
1.70755
0.55671
0.0645671
1.79718
0.461431
1.79275
1.7274
0.492764
1.27275
1.02774
1.52037
0.0206107
1.73356
0.421952
0.907228
1.33273
0.210222
0.514342
1.62856
1.83826
0.164517
0.713208
1.5575
1.14616
1.08386
1.9912
1.26604
0.635943
1.85777
0.0725386
1.27414
1.45153
0.0252855
1.93046
1.92564
0.212524
1.36165
1.83583
0.00794577
0.382375
0.226311
0.298164
1.85268
0.0167208
1.74487
1.13268
0.316356
1.57324
1.0857
1.45666
1.81201
0.320568
0.415735
0.119109
1.00511
1.11829
0.0455991
1.89325
1.83988
0.0409825
0.0951007
0.844309
0.0364731
1.6941
1.3008
1.51488
0.889844
0.686755
0.723807
1.13915
1.48199
0.371941
1.06754
1.22344
1.44727
0.435314
1.6682
1.91419
1.0616
1.62158
0.633111
1.17149
0.682825
1.80211
0.406673
1.81614
1.20834
1.4617
0.299244
1.55876
0.402881
1.19989
1.29523
1.63359
0.405315
0.166921
1.60513
1.24135
1.11909
1.99872
1.98948
0.930582
1.31262
1.22657
0.173826
1.30265
1.53188
1.07314
0.721536
1.92987
0.839839
0.196095
0.791617
0.247308
1.59285
1.27735
0.945596
0.464528
1.31522
1.27613
1.70203
0.812197
1.08587
0.206594
0.838351
0.378465
1.70769
1.65212
0.560395
1.04675
1.63984
0.033174
0.241364
0.53262
1.58394
1.91501
1.11071
1.64506
0.524012
0.204274
0.371439
0.714215
0.438221
1.42832
0.528116
1.54196
1.37603
1.28957
1.32637
1.56295
1.31722
0.562939
0.187879
0.795108
0.0758152
0.876779
0.555255
1.72288
1.59458
0.0740002
0.958229
0.0748667
0.40235
0.475827
0.0363313
0.442592
1.50019
0.133411
0.917425
1.906
1.62608
0.63147
0.896298
1.32759
0.922768
1.09497
1.67094
1.06707
1.09304
0.581135
1.26225
1.71435
1.53845
1.01896
1.28035
1.06464
1.49058
1.53658
0.859357
0.861247
0.626235
0.121633
1.16428
0.423497
0.548982
1.30249
0.947641
1.97574
0.737344
0.0167172
1.6725
0.0800588
1.94922
1.16736
0.691085
0.404267
0.84673
0.194659
0.552958
1.15018
1.88558
0.711507
0.618191
1.60834
0.586963
0.0199292
1.7868
1.94735
1.79635
1.39755
1.43036
0.55415
0.58045
0.521772
1.21876
1.86721
1.12147
0.79906
0.994057
0.0740925
0.0231583
1.9041
1.44507
0.0019029
0.816848
1.03994
1.08817
0.0916928
1.20406
0.562796
0.973693
0.417348
0.648497
1.61219
0.519896
1.01914
0.226026
0.0746705
0.688186
0.10918
1.78448
1.54693
1.92638
0.828314
0.02743
0.418193
0.716258
1.66689
1.41789
0.106506
1.50589
1.19381
0.994109
1.52372
0.945139
0.528011
0.0348934
0.824895
1.0285
0.758437
0.912908
0.670883
0.00495734
1.42773
0.604003
0.558033
1.06006
1.35211
1.86629
0.628369
0.522654
0.794053
1.00818
0.0435684
1.17876
1.37387
1.07923
0.402854
1.83407
0.987221
1.80298
0.233974
1.06126
0.665281
0.373377
0.138007
1.31233
0.342396
1.77923
1.79353
1.31727
1.84959
1.33053
1.80624
1.10842
0.390339
0.697994
0.835239
1.18119
1.97112
1.39358
0.53443
0.587743
1.65061
1.03985
1.22083
1.69413
1.42118
0.827648
1.235
0.81733
1.56715
0.85568
1.36565
1.98141
1.28576
1.27691
1.35312
1.31842
0.220329
0.595763
1.31246
0.00296052
0.16456
0.0633839
1.15676
0.752689
1.03532
0.545617
0.935116
0.360623
1.31462
0.700652
1.00554
0.502207
1.1205
0.169162
1.71645
0.0365275
0.163895
0.605778
0.550395
1.46192
0.261157
0.171375
1.23464
1.23181
1.97256
1.52137
1.33867
1.08876
1.41061
0.0589683
1.78148
1.93249
1.62397
1.51146
1.06471
1.72512
0.80844
1.79878
1.03329
0.00739365
1.18844
0.179702
1.29116
1.79372
1.51753
1.83464
0.436313
1.40974
1.47616
0.0594531
0.783495
1.6627
0.714153
0.311416
0.607202
0.681512
0.753317
1.11028
0.932516
0.498042
0.395503
1.45643
0.505666
1.89751
1.67535
0.71948
0.0280804
0.50789
1.59076
1.3798
1.67974
0.60049
0.913837
0.480441
1.10228
1.79756
1.67847
0.0951956
1.69724
0.566114
1.96792
1.03213
0.091638
1.29782
0.157216
1.79364
1.13829
1.4043
1.83849
0.601685
1.55346
0.930557
0.0131805
1.68657
1.91019
1.40593
1.37964
0.697777
0.813792
1.95111
0.155302
1.5478
0.916908
1.7462
1.53674
1.3372
0.794743
0.227453
1.13276
0.0682634
1.21471
1.79839
1.32649
1.62374
0.296215
1.27808
1.55193
1.095
0.833082
1.03099
1.59455
0.252668
1.27694
0.970691
0.764367
0.820632
0.43392
0.896514
0.49358
1.00426
1.32939
1.02573
0.356862
1.40445
0.463603
1.15738
1.4222
0.463169
1.2097
1.43808
0.040618
0.223492
0.0921478
1.39509
0.0121631
0.613338
0.0317071
0.0193883
0.805563
1.65663
0.0560916
1.56126
1.24742
0.357965
1.77518
0.176301
0.706898
1.64034
1.99272
0.581583
1.62106
0.525207
0.168947
1.85644
1.19595
0.118217
0.0672862
1.41899
0.8924
1.10959
1.99635
1.14712
1.3076
0.684
0.368851
0.823562
1.84481
1.35603
1.48474
0.500764
1.48207
0.0990481
1.93714
1.69497
1.51456
0.252948
0.858064
0.314795
1.63006
1.557
1.70191
0.617762
0.460067
1.14682
1.18661
0.771557
0.144607
0.70776
1.56694
1.56887
0.5351
1.40491
0.65285
1.27566
0.951832
0.109091
1.79902
1.36536
0.53145
0.892169
0.273027
1.11178
0.963765
0.361411
1.99075
0.918733
0.734292
1.85469
0.80553
0.146032
1.55506
0.528746
0.586799
1.54645
1.13738
1.41534
1.74999
1.05523
1.86656
1.26256
0.561758
1.65473
1.42036
0.386506
0.140548
0.910407
0.474689
0.662479
1.6062
0.0468807
0.430102
0.914973
0.227455
1.17302
1.85778
0.115878
1.22425
1.00395
1.38281
1.40821
0.414697
0.423853
0.931131
1.83376
0.330268
1.13228
1.8535
1.2599
1.6406
0.0430856
1.0629
0.242503
1.13688
1.19173
1.66513
0.282421
1.86349
1.57398
0.742743
0.462126
0.182673
1.63786
0.957941
1.49097
0.0993429
0.287796
1.08855
1.44116
0.691933
0.708463
1.92222
1.43456
0.575171
0.606917
1.67068
0.273754
0.112568
1.36195
1.4331
1.8959
1.78354
0.776316
1.77353
0.83351
0.229754
0.889164
0.832195
0.554216
0.147128
1.63252
1.25207
1.05872
0.668569
1.84253
1.07995
0.163992
0.965503
0.742436
0.211179
0.964295
0.0241063
1.34088
1.64721
1.46877
1.46655
0.775938
0.580732
0.25637
1.50887
0.69807
0.73733
0.268468
0.597677
0.624586
0.748349
1.92249
0.323431
1.4444
0.704305
0.700837
0.257409
0.634163
0.633963
0.444536
1.18501
0.409084
1.37032
1.46452
0.716215
0.921242
1.24633
1.41289
1.10502
1.62262
0.919831
0.990262
1.05251
1.23545
1.14469
1.53498
1.36673
0.929805
1.39224
1.83873
1.63724
1.09015
0.422457
1.11231
0.0858716
1.34118
1.94451
0.78289
1.46282
0.103037
1.61585
1.60159
1.87912
1.53854
0.912477
1.07635
0.170793
1.10048
0.337201
0.729677
1.94905
0.587524
1.8572
1.87152
1.61907
0.145117
1.80172
1.31366
0.784351
1.25236
0.632001
1.05203
0.614049
1.16744
0.96893
0.892436
0.763491
1.44649
0.11676
0.627351
0.319169
0.690389
0.802455
1.39257
1.96414
1.76219
0.50929
1.6808
0.824127
1.11919
0.649677
1.23897
1.79123
0.123078
0.758968
1.49213
0.376308
0.281396
1.80405
1.41438
0.380005
0.183425
0.269933
1.2448
1.70889
0.980594
1.62913
1.7323
0.916364
1.00336
0.516869
0.979806
0.0537697
1.42082
0.952343
1.43979
1.00176
1.95882
1.44658
0.948247
1.81785
0.0887122
0.730427
1.94
0.630028
1.99193
1.89386
1.84453
0.221811
1.10092
0.723952
0.688164
1.52134
0.181021
0.977087
1.93487
1.02868
0.906875
0.425455
0.0526026
1.70425
0.701797
1.9355
0.501086
0.268271
0.17649
1.8479
0.544438
0.613343
0.227121
1.96202
0.0835421
1.50001
0.896919
0.914603
0.814078
0.0860564
0.791676
0.408224
0.351281
0.438699
0.489358
0.0358019
0.107435
1.47214
1.00152
0.422168
0.101954
0.385814
1.51846
0.433822
0.345531
0.467914
1.93011
0.886277
1.17408
1.63148
1.27864
0.212951
1.8943
0.395813
0.00582794
1.50882
0.523672
1.93662
1.99497
0.904978
0.660309
0.0794164
0.294329
1.92586
1.51172
0.0945688
1.10681
1.51484
0.672807
0.484308
1.83152
1.09552
0.637385
0.198854
1.02242
0.696995
1.48193
1.52975
1.66534
0.62479
1.43699
1.95399
1.50868
0.133983
0.0622085
1.15992
0.207647
0.255211
1.99458
0.98095
1.83215
0.0301087
1.93999
0.578403
0.560346
1.84511
1.87669
0.373526
1.04475
1.67997
1.31502
1.16816
0.909674
0.657983
0.853729
0.532703
0.972709
1.96159
0.125628
0.281657
0.0832154
0.390062
1.71412
1.8151
1.21124
0.387109
1.95765
0.112817
1.98268
0.297157
0.361986
1.08821
0.430053
1.80299
0.0667054
1.31632
1.05494
1.66314
0.705826
1.37005
0.218351
0.351068
0.372517
1.25676
1.73839
0.340995
0.509534
0.470083
1.04791
1.2545
0.405187
0.447575
0.877897
1.78716
0.346215
1.65141
0.454601
0.872569
1.36074
0.875855
0.901288
0.790323
1.79163
1.28911
1.21789
1.45249
0.0246599
0.444918
1.618
0.121093
1.45294
0.987175
1.97034
1.84296
0.477103
1.44844
0.620748
0.271663
1.75525
0.415756
0.418173
1.55072
1.9522
0.714005
1.04407
1.60798
1.66937
0.710572
1.28822
1.6592
1.3656
0.0208639
1.289
1.88865
0.539779
0.24449
1.7539
1.67898
1.73554
0.0731739
0.562333
0.805823
1.39761
0.552476
1.14878
0.50339
1.02176
0.970427
0.543329
0.0219097
1.77671
1.61882
1.06979
0.330073
0.965346
1.7433
1.91264
1.82601
1.75471
1.43078
0.5016
1.09714
1.11154
1.86323
1.93711
0.110449
1.04675
1.63515
1.88088
1.76203
1.94045
0.587676
0.367785
0.903738
1.41456
1.28607
1.53325
0.831481
0.258165
0.854066
0.311954
0.224542
0.0326212
1.98695
0.84352
1.45431
1.68698
1.96919
0.979362
0.544869
1.08682
0.312084
0.460464
0.116494
1.66871
1.20783
1.48458
0.855685
1.28807
1.79305
1.31241
1.19377
1.18655
1.24189
1.3495
0.0881465
1.52718
0.26966
0.0313013
0.153507
1.07251
0.100932
0.406626
1.08724
0.216978
1.47226
0.961743
1.49899
1.25236
1.95069
1.71024
1.71748
0.766562
1.91396
1.68412
0.360962
1.18397
1.75672
1.71663
0.854841
0.518405
1.09275
1.75717
0.647521
0.518233
1.48327
1.93606
0.404935
0.944217
0.00390901
0.853361
1.09446
1.80984
0.878319
0.962106
1.2299
0.257668
0.291308
0.715561
0.82747
0.523018
0.0863744
1.71934
1.24582
0.857731
0.792855
0.150236
1.59867
0.533176
0.405316
1.59029
0.478851
1.32472
0.59355
1.97389
0.406666
1.54822
1.01722
0.0364074
1.04347
1.34313
0.807733
0.802624
0.671779
0.454178
1.41017
1.94215
1.16519
0.638763
1.74829
1.42504
0.200422
1.94997
1.8615
0.607147
1.50492
1.25847
1.30156
1.11096
0.338357
1.40135
1.86755
1.33591
0.927937
0.613884
0.599466
1.57315
0.772663
1.46809
1.05727
1.78382
0.61262
0.583112
1.83555
1.05267
1.92321
0.941569
1.21318
0.826725
0.327765
1.3908
0.428707
1.81155
0.419549
0.0402501
0.47536
0.348791
0.987183
1.18839
0.0101149
0.680999
1.60118
0.781694
1.54501
1.11928
1.49024
0.299458
0.257102
0.313022
0.970937
0.81909
0.700677
1.45439
1.62863
0.268919
1.06127
1.39408
1.71534
1.79379
0.358655
0.644136
0.956432
0.0365095
1.49306
1.15013
0.163645
1.08953
1.24638
1.8458
0.44605
0.938039
0.855141
0.0296462
0.0158856
1.46271
0.913118
0.914345
1.31726
0.71383
1.9072
1.54609
1.67487
1.45058
0.430458
1.29094
1.75712
1.21246
1.70104
1.28693
1.03452
0.514441
1.40549
0.79739
0.286013
0.144805
1.34055
1.66577
0.0452255
1.92493
1.5476
1.76354
0.0192167
0.551965
1.61782
1.59594
0.991714
0.175439
0.522309
1.50593
1.34048
0.614129
1.80131
0.46399
0.178357
1.12912
1.48603
1.33456
0.152548
1.60192
0.25811
0.69392
0.124889
0.136293
2.16e-05
0.863177
1.0782
1.03252
1.41168
1.72752
0.346162
0.0227341
0.177905
0.666489
0.665979
1.7988
1.48526
0.810142
1.73168
1.34702
0.962057
0.122757
0.36089
0.999376
1.01206
1.56334
1.74569
1.81608
0.327729
0.433763
0.776625
1.80373
1.24893
0.84166
1.32456
1.11867
1.22397
0.116788
0.488669
0.592389
1.95967
1.25679
0.49665
0.134199
0.253891
0.662224
0.384741
1.23926
1.43576
1.15077
0.466717
1.57037
1.12329
0.117133
0.211049
0.272194
0.404754
0.0278947
0.465463
0.310453
0.130697
0.0569855
1.44573
0.943484
0.564935
1.74712
0.869361
1.31698
1.7792
1.64426
1.46498
1.33841
0.660433
0.584435
0.592447
1.47436
1.4412
0.93361
1.68994
1.73172
0.981102
0.947832
0.963026
1.015
1.43297
1.8813
1.9231
0.40549
1.87553
0.674886
1.76296
0.354152
0.0108339
1.93219
1.72096
0.108937
1.7972
1.78111
0.854953
1.64546
0.649111
0.245921
0.367189
0.649445
0.663226
1.24241
0.00517245
0.270885
1.01986
0.0607164
1.54836
0.763216
0.996616
0.0824992
0.857197
1.93285
1.53887
1.80354
0.135681
1.48941
1.18838
0.740578
1.40789
1.87647
1.77108
0.103135
1.59394
1.96762
0.378673
0.0845536
1.74201
0.613338
0.400775
0.85722
1.24838
1.00047
0.101357
0.459781
1.302
1.15741
0.483918
0.340657
0.890417
0.460401
1.39001
0.952564
1.2537
0.638209
0.147689
1.67631
0.990797
1.58156
0.296375
1.4485
1.3931
1.63267
1.91896
1.5713
0.786658
0.555549
0.741091
1.76985
0.318786
1.48479
1.48976
1.83635
0.611838
1.10051
0.809094
1.18992
0.642471
1.18296
0.501379
1.17703
1.26658
0.822378
1.98679
0.314236
1.41608
1.78424
0.893731
0.82033
0.635429
1.69002
1.78576
0.189508
1.65355
1.42366
0.565415
0.440721
1.43611
0.317294
1.93749
0.922603
0.769024
0.886727
0.0565882
1.74364
1.91503
0.643847
0.521956
0.362133
1.17349
1.42517
0.668181
0.429352
0.27994
1.28224
0.0964953
1.53681
0.709842
1.01928
1.51259
0.296466
1.57929
0.818889
1.12164
0.913766
1.22994
1.97316
1.27196
0.845277
1.69877
1.92813
0.170732
0.107333
1.79125
0.892307
1.28148
1.94973
1.27207
1.14043
1.86232
1.93494
0.276787
1.64116
1.12146
0.472546
1.05211
0.752942
1.33075
0.766291
0.492581
0.909889
1.56507
0.75173
0.502595
1.57561
0.279423
0.645756
0.289548
0.319186
1.53156
0.112063
0.337388
1.91694
0.51871
1.59277
1.64165
0.481393
1.8039
1.65073
0.121285
0.903612
0.966178
1.0055
1.70441
0.133899
1.34895
1.1522
1.4081
1.70105
0.533525
0.0774656
1.40833
1.29599
0.209253
0.821152
1.26389
1.97788
0.403138
1.85892
0.848662
1.36427
0.475637
0.927632
0.145132
0.447919
1.72724
1.48789
0.0560007
1.55911
0.289192
1.15659
0.130391
0.137584
1.83665
1.39306
1.55672
0.574251
0.500498
0.123664
0.985082
1.40214
0.0352442
1.57732
0.269678
1.0281
1.91724
0.914314
1.23595
1.34005
1.70774
1.88847
1.78599
0.885223
0.289765
0.828261
1.33315
1.02287
0.125222
1.65049
1.3498
0.019064
0.308923
1.58073
1.71834
1.87206
0.675086
0.69111
1.98977
1.11955
1.78024
1.72827
0.0191478
1.24125
1.60656
1.6031
1.8348
0.929309
1.88143
1.76521
0.474898
1.14671
0.242185
1.0007
0.746784
0.589622
0.104961
1.79184
1.58026
1.53282
0.0562462
0.212306
1.21028
0.882725
1.3487
0.750611
0.186135
0.756289
1.85364
0.0446158
0.967338
1.9419
1.98882
1.12851
0.335214
1.6982
0.175071
0.0213361
0.643134
0.549323
0.892311
1.95133
1.36095
0.560817
1.64439
1.14798
1.86276
1.20679
0.567896
0.16134
1.39092
0.299771
0.636659
1.5604
0.584423
1.73376
0.0675856
1.85684
0.571446
1.54609
0.343688
1.99063
0.765323
1.64432
0.951988
1.9064
0.0941822
1.62147
0.768845
0.373009
1.98687
1.88227
0.41597
0.30506
1.20378
0.402997
0.260982
1.15529
0.750261
0.995095
0.284589
1.6544
0.653096
1.11468
0.308773
0.187176
1.54715
1.49807
0.174124
1.34386
0.865618
1.13207
1.23101
1.94922
0.449834
1.53744
0.445469
0.666857
1.38895
0.0931893
1.20918
1.92566
1.0413
1.39195
0.0442037
1.50491
0.581379
0.981069
1.76303
0.174228
1.8722
0.187802
1.91591
1.05447
1.7072
1.23352
1.85534
1.67262
0.767721
1.79533
0.341468
1.18422
1.26437
0.018878
0.262284
0.297382
0.598845
0.964651
0.951461
1.7867
0.69778
0.14051
1.70223
1.67006
1.7473
1.20812
1.46968
1.47561
0.0560474
1.21427
0.310297
1.15069
1.18974
1.69104
1.19228
1.15565
0.579142
1.98278
1.42718
1.55525
1.68712
0.708413
1.74373
1.20033
0.391513
1.96171
1.88535
1.86684
0.191184
0.687612
1.2564
0.119571
0.0534896
0.901515
1.42514
0.402093
1.01822
1.43529
0.204849
0.717507
0.161319
0.0900358
1.12768
0.53564
0.611095
1.05181
1.2549
1.43549
1.02842
1.41339
1.84982
0.523702
1.12211
0.553437
0.301356
0.70068
1.65699
1.77767
1.15042
0.122714
1.37286
0.288488
0.589332
0.247646
0.564861
0.153612
0.99492
0.836397
0.484321
0.839647
1.18587
1.72372
0.170185
0.150354
1.44089
1.43533
0.163636
1.78102
0.690036
0.870944
0.896704
0.913027
0.133363
1.7006
0.161078
0.727079
0.961789
0.336877
0.288285
0.221862
0.304445
0.830361
1.58248
0.0549244
1.51135
0.698739
0.953733
1.6648
0.570323
0.758453
0.982217
1.35054
1.56078
1.18539
0.884752
1.92329
1.42354
1.37249
0.786611
1.62459
0.611981
1.57431
0.289043
0.74116
0.590038
1.37349
1.82792
1.2747
1.90746
1.42977
1.51143
0.464831
0.60653
0.322289
0.229805
0.0671059
0.775565
0.173741
0.305733
1.61491
1.93814
0.569414
1.43928
1.91572
1.62611
1.62174
0.238422
0.155745
0.956232
0.803192
0.917764
1.60874
0.357191
1.56938
0.406412
0.158689
0.789169
1.51446
1.08925
1.17171
0.392121
0.0995069
0.65026
0.74002
1.53045
1.82914
0.273748
0.528968
1.55018
1.05919
0.544904
0.667492
0.374938
0.647186
1.51852
1.5541
0.168865
1.42325
0.0605755
1.76506
0.667266
1.30345
0.633784
0.442207
0.520996
0.597419
1.44865
1.65231
1.46218
1.40426
1.6359
0.935178
0.848899
0.884529
0.565312
0.236861
0.527105
0.708252
1.8769
1.10006
1.12818
1.63252
1.46309
1.74341
1.53929
0.388335
0.610684
0.322517
1.07814
1.62158
1.44608
0.727614
1.25539
1.81798
1.62518
0.062113
0.936529
0.640939
1.33917
0.778658
0.107872
0.995937
0.848669
1.50498
1.81768
0.0306868
1.44375
1.57173
0.622395
0.401507
1.80352
0.50247
0.31212
0.899812
1.00735
1.07854
1.70227
0.0959652
0.257271
0.00304245
1.9841
0.814332
0.955859
1.49883
0.564556
1.14964
1.79429
0.536472
0.439714
0.52123
0.711747
0.581331
1.46899
0.234139
1.06243
1.91752
0.859902
0.259005
0.0810258
1.2297
0.503663
1.3975
1.12656
0.574647
1.37214
1.93266
0.110401
0.964547
1.41801
0.653539
1.2715
1.58846
1.41469
1.94878
0.407035
1.10628
1.49586
1.80513
1.60727
1.20233
0.586722
0.263877
0.384496
1.53686
0.725913
0.210419
1.67561
1.32445
0.500882
1.18634
1.66808
0.324478
0.453177
0.0845549
0.0859683
1.48051
1.32212
0.556033
0.234461
1.9577
1.18698
1.88083
1.53225
0.534964
1.49589
0.0336324
0.572076
1.79324
1.84761
1.1173
0.00567894
0.199087
1.81797
0.247933
1.08279
0.012281
0.389281
1.52218
0.945578
0.90092
0.517501
0.891906
1.10425
1.40287
0.37219
0.580531
0.530782
1.73909
1.14332
1.2
0.761758
1.99549
0.55447
1.93062
0.748687
0.0550831
1.77648
0.742139
0.640854
1.52042
0.707465
0.0998831
1.96289
1.25167
0.198301
1.2695
1.7851
0.353836
1.64382
0.677149
0.497101
0.756331
0.645789
0.422859
0.395848
1.32523
0.283515
0.586041
1.23677
1.34677
0.100323
0.356004
0.141399
1.92341
1.7686
0.235726
0.11555
1.94778
0.805658
1.07456
1.56775
0.58072
0.394063
0.0337653
1.4652
0.563856
0.831374
0.14844
1.4657
0.635241
1.26151
1.93075
0.179935
1.64102
1.17724
0.507762
1.76379
1.46138
0.116521
1.29773
1.16266
0.1392
0.879997
0.391996
0.796119
0.415084
0.540649
0.332672
1.7757
1.71887
1.69724
0.737831
1.10111
1.85437
0.61178
0.996232
0.0652765
1.80296
0.856199
0.969809
0.381675
1.40294
1.66663
1.01692
1.61994
1.93882
0.364178
1.53132
0.742608
0.223516
0.148208
1.65214
0.0824805
0.694424
0.829221
0.789217
1.83866
1.33203
0.412736
0.0968799
0.581003
0.830504
0.0439214
1.38546
1.09434
1.70004
1.38463
1.44013
0.350809
0.87491
1.929
1.4304
0.993324
1.64206
1.25731
1.10633
1.19842
1.40621
0.962364
0.232077
0.439836
0.774537
1.12351
0.42124
1.12601
1.85327
1.33026
1.9415
0.670393
0.335399
1.32954
0.0497326
0.747184
0.999587
0.723093
0.666195
0.378021
1.341
1.42263
0.357313
0.0947055
0.723857
1.18806
0.453571
0.50065
0.0903231
0.232628
0.411992
1.26073
1.30781
1.56879
1.33028
1.86218
0.854166
0.27514
0.202615
0.00617872
1.71574
0.65502
1.98292
0.0724037
1.24944
0.413533
1.75436
0.928794
0.388448
1.9841
0.650776
0.189719
0.339204
0.692019
0.438198
0.969347
0.22185
1.81003
1.2891
0.624046
0.746631
0.913342
1.59057
1.2647
1.79496
0.156261
0.46773
1.74548
0.478021
1.49349
1.26857
1.19283
1.72863
0.350038
0.0880862
0.121526
1.25222
0.306884
0.201303
1.94953
1.8941
1.2399
0.823158
0.452848
0.801629
1.45755
0.0637258
0.445361
1.78406
1.2393
1.39961
0.0712209
1.92914
0.255043
0.669158
0.788984
0.7963
0.134955
1.31602
1.9611
0.033812
0.476119
0.0873874
0.166788
0.600694
0.253608
1.5953
1.99549
1.35655
0.625488
0.966309
1.72588
1.35378
1.79691
0.738065
1.98603
0.016313
0.401143
0.889562
0.212148
1.41899
1.70594
1.61887
1.96416
0.582537
1.15245
1.33644
1.57896
1.16988
1.83835
0.15506
0.064549
0.179508
1.15459
0.746103
0.350233
0.128577
0.203207
0.904113
0.588968
0.703333
1.18203
1.78982
1.60997
0.237105
1.55391
0.660514
0.233965
1.93243
1.14565
1.85598
1.45984
0.727317
1.08617
1.7923
0.728784
0.859665
0.197471
1.94415
0.384318
1.13173
1.99956
1.23513
1.39549
0.137387
0.451335
1.87961
1.76542
1.90162
1.81676
1.0727
1.67154
1.80553
1.0888
0.747109
0.145148
0.650433
1.58768
1.35173
1.88242
0.175512
1.52794
1.63395
0.0280081
1.5888
1.40272
1.39391
0.273823
1.95595
1.4766
0.460422
1.06462
0.739886
1.90604
0.956046
0.958491
1.2847
0.634063
1.18328
0.265918
1.90993
1.79554
0.845205
1.51902
1.97249
0.792291
1.6031
0.956647
0.424767
0.368499
1.36441
0.897595
1.57989
1.7398
0.89099
0.942061
0.451956
0.911151
0.567724
0.306585
0.103628
1.16122
0.59278
0.380476
1.64088
0.23624
0.993393
0.530026
0.761274
0.353204
1.64931
0.889114
0.573869
1.1028
0.868671
1.09993
0.40758
0.546522
0.405417
0.774941
1.68391
0.11072
0.612479
1.77337
1.83031
1.19588
0.918626
0.0702177
1.40522
0.107263
0.343408
0.0898858
1.58892
1.1733
1.89751
0.0551542
0.0174391
1.12582
0.511629
1.55215
0.246021
1.62736
0.177777
1.25358
1.94639
0.491701
0.0407305
1.19633
0.890579
1.72039
1.66672
0.624459
1.34227
0.656834
1.12151
1.89409
1.89522
0.437879
1.93055
1.60573
1.9882
1.00791
0.723866
0.656808
1.36789
1.50565
1.17208
1.81021
0.345279
0.574035
1.8991
0.580225
1.02031
0.460075
0.158389
1.50162
0.259472
1.96553
1.61794
0.453429
1.52018
0.211686
0.486892
0.728024
1.46908
0.0702122
1.52318
1.71068
1.70581
1.18122
0.842749
1.73645
1.04942
0.491567
1.26117
0.459095
0.795198
1.57311
0.835414
0.682256
0.754097
0.603285
0.919811
1.24979
0.14114
0.420425
0.0858437
0.735587
0.191787
1.08516
0.609049
0.807592
0.754186
0.0570948
0.387611
0.875675
0.690642
0.169959
0.0753239
1.29546
1.71076
1.07943
0.591993
1.47983
1.54958
1.14607
0.396452
1.86425
0.572362
1.82794
1.22303
1.30708
1.61575
0.504784
0.0187712
1.7641
1.0486
0.402685
0.666879
0.0633271
0.100422
1.93764
1.49429
1.30152
0.0375925
0.324091
1.36569
0.706647
1.03983
1.40651
1.24784
0.552029
0.729236
0.362824
0.499446
1.77988
1.73608
0.552121
1.70026
0.0827077
0.0388479
1.58914
0.718872
1.99781
1.55525
0.814071
0.608227
0.339993
1.39354
1.09421
0.992291
0.0193978
0.476246
1.52306
1.21577
1.57816
0.697299
1.44522
0.0639774
0.947467
1.93332
1.27986
1.6524
0.140042
1.73392
0.675254
1.01792
1.47787
0.569104
0.873252
0.70728
0.531376
1.04439
1.80305
1.81582
1.50119
0.654689
1.27159
0.27348
1.58114
0.511515
0.981337
1.19404
0.930239
0.0717167
0.394229
0.0449599
1.8215
0.964554
1.45741
1.67135
0.439783
1.93772
1.41881
0.0568977
0.519491
0.704205
0.0265131
1.19725
1.78626
1.77689
0.461984
1.876
1.92964
1.34029
0.241264
0.537299
0.582255
1.00779
0.178057
1.78139
1.2588
0.0841199
0.259933
0.729854
0.925439
0.179832
1.52448
1.20531
1.86475
1.29099
1.39752
1.02985
1.7841
0.00973687
0.769634
0.518162
1.65208
1.45281
0.33305
0.825519
1.34258
1.0705
1.36352
0.993106
1.2187
1.81533
1.52613
0.603676
0.649346
0.0920092
0.506295
1.07184
1.90358
0.819957
0.286893
0.328711
1.67494
0.756481
1.20386
1.91469
1.12862
0.44753
1.68972
0.829733
0.618964
0.286594
1.20995
1.39843
0.68654
1.42875
0.355901
1.5733
0.424475
0.390516
1.37157
0.832852
0.396118
1.03754
1.78127
1.53864
0.939371
0.682084
1.08448
0.317483
0.472176
1.5098
0.673782
1.84837
0.105368
0.819651
0.0950936
0.48502
1.59262
0.589485
0.612189
1.13595
1.51882
1.37098
0.494483
0.657431
1.87103
0.510435
0.339923
1.4606
1.91669
0.818607
0.539033
0.83991
0.335657
0.266911
0.449916
1.53399
0.162955
1.40721
0.331171
1.07828
0.285594
0.657212
1.1434
1.35765
1.70829
1.33182
0.558051
0.989179
0.0390325
1.94589
0.456059
0.704571
1.38304
1.30104
1.3113
0.55961
0.82882
0.0937258
1.89
1.81392
0.0709537
0.203759
1.65086
0.178734
1.80586
0.734509
1.06162
1.35495
1.53099
0.963553
1.26828
0.901737
1.18994
1.1474
1.42766
0.648923
1.87257
1.76172
0.0729639
1.84207
0.849849
0.912917
1.45547
0.450443
1.18056
1.88638
1.37585
1.50619
0.670858
1.55763
0.11882
1.20965
1.82968
0.0658622
1.70103
0.208772
0.512402
1.29062
0.666962
0.148666
0.305668
1.77321
1.37697
0.249877
0.672806
0.90004
0.706141
1.1623
1.20851
1.31172
1.29227
1.80866
0.917167
1.97359
0.387086
0.181285
1.29345
1.5665
0.688341
1.68823
0.358042
1.56851
1.22583
0.724307
0.668747
0.701498
0.709371
0.782137
1.49939
1.19502
1.89016
0.716548
0.037651
0.881172
0.0516465
0.49656
0.551673
0.47689
1.27794
1.68989
1.40812
1.37838
1.77123
1.18735
0.935361
0.504835
1.75277
0.725506
0.740446
1.7683
0.957103
0.162445
0.947885
1.5471
0.383977
0.928642
1.65407
1.29627
1.54382
1.85427
0.364524
1.43569
1.80343
0.444857
1.02955
0.716489
1.15237
0.633529
0.731038
1.82899
1.21816
1.6462
0.507419
1.77925
1.29224
0.663732
1.6407
0.360451
0.540651
0.12318
0.926975
0.790339
1.56399
0.519458
1.17493
0.86469
0.236824
0.662905
0.941302
1.91938
1.03281
1.33962
0.787135
0.541236
0.38418
0.61456
0.710043
0.508333
0.492813
0.41712
0.957789
0.38769
0.722328
1.5676
1.85092
0.241676
0.236761
0.311548
0.728074
1.04643
1.39832
0.848374
1.44412
0.749469
0.402196
0.553404
1.1082
0.799681
0.258329
0.047944
0.978506
0.985234
0.402942
1.81803
0.383085
0.367572
1.72214
0.575371
0.713191
0.566641
1.09518
1.05527
0.474562
1.11638
1.61603
1.77851
1.22487
0.737515
1.03549
0.263612
1.91478
0.895122
0.339004
0.988256
1.07492
0.723946
0.305901
1.31509
1.25306
1.17931
1.00438
1.17531
1.36929
0.848022
0.0629493
1.44567
1.54959
1.45149
0.0615469
0.550784
0.988966
0.760994
1.75849
0.71728
1.55902
1.00579
0.226404
1.63346
0.972136
0.905991
1.51196
1.37851
1.66192
0.177958
0.612382
1.58166
0.0806049
1.51579
0.550317
0.141186
0.584798
0.763923
1.45649
0.972779
0.684453
0.828307
1.86159
0.816936
1.04846
1.24596
0.576904
1.27757
1.30638
0.251128
0.38209
1.09268
0.869108
0.126683
1.8907
1.50741
1.49426
0.900481
0.087299
1.25082
1.46873
0.687568
0.364104
0.277248
0.274295
0.0353909
1.90143
1.23323
1.63096
0.811253
0.0362306
1.46079
1.7267
1.77209
0.518478
1.19391
0.915086
0.988319
0.859949
0.0933682
1.76762
1.3773
0.856612
0.821641
1.68773
0.207798
0.547731
0.0609537
1.20859
1.71647
0.1769
0.186223
0.963746
0.952913
1.63522
1.23872
1.42627
1.1419
0.721411
0.936701
1.77075
1.18607
1.85927
1.00769
1.10262
0.906975
1.36817
1.38844
1.26777
0.115629
0.0225192
1.53713
1.66531
1.03882
1.22544
0.744059
1.06979
0.622425
1.33471
1.97074
0.82402
0.758478
1.16141
0.018319
1.53753
0.43133
1.18099
1.04782
0.240407
1.41958
1.91061
1.15415
1.71787
0.4003
0.29238
0.787647
1.48362
0.546713
0.924424
0.253906
0.423474
1.80724
0.916339
0.823544
0.687824
1.27701
0.816204
1.03392
1.72102
0.130482
1.03263
0.480196
1.54658
1.18333
0.246564
1.15117
1.79218
1.94999
1.57067
0.551641
0.430943
1.92377
1.89381
1.68484
0.318147
0.646327
0.144275
1.63311
1.35828
1.07245
0.536055
0.860571
1.68105
0.96227
0.57537
0.22515
1.39898
1.63311
0.968871
0.619504
0.699222
1.74107
0.487348
1.7222
1.24826
1.01917
0.573192
1.04734
0.822172
0.324245
1.85593
0.271906
0.878181
0.368262
0.564485
1.88982
1.83502
0.881195
0.655107
1.24473
1.43411
1.09483
0.22609
0.188718
0.857887
0.547554
0.312329
1.63545
0.691739
1.9563
0.675646
1.30506
0.141486
1.43644
1.42343
1.5997
1.65327
0.786485
1.14307
0.505936
1.94555
0.496239
1.21616
1.59451
1.00761
0.683152
1.25301
0.281182
0.0593911
1.02146
0.833978
1.40081
1.34185
1.39795
0.227079
1.39468
1.44149
1.60058
0.442109
1.08924
0.355695
0.27304
1.42703
0.0315172
1.79689
0.401498
1.26311
1.93858
0.347895
1.62503
1.74319
1.40389
1.48087
0.474202
1.41172
0.0817014
0.540284
1.25894
0.377396
1.17662
1.8587
0.6609
1.01797
0.980118
1.57831
0.641483
0.413944
1.51347
0.590901
1.92316
0.310558
0.103275
1.37948
1.99745
0.292353
1.54061
1.02095
0.24372
1.09138
1.25554
1.81137
1.59086
0.30068
1.94964
0.763933
1.51684
0.11492
1.44206
0.884662
0.28275
0.393556
1.8594
1.96739
1.83594
0.0952893
0.483866
1.43772
0.108863
1.96632
1.0034
1.191
1.49895
1.12534
1.63755
0.546172
0.875828
0.422979
1.57186
0.455763
0.949244
0.23287
1.88194
0.2526
0.684702
1.35264
1.53096
1.12662
0.736923
0.678693
0.424096
1.97551
1.28643
1.95866
0.812487
1.3199
0.110556
0.449072
0.196438
1.38936
0.799014
1.43122
1.73609
1.48615
0.0607779
1.16585
1.31277
1.01151
0.342917
1.69425
1.4221
1.98822
0.186169
1.24738
1.30958
0.93157
0.235375
1.95504
1.3887
0.165365
0.832784
1.6937
1.34461
0.692518
0.0944581
0.942631
1.4086
0.516917
0.970849
1.91713
1.92742
0.242104
1.25403
1.50122
1.38152
1.53147
1.39638
1.02756
1.89635
0.800052
1.9918
0.707767
1.34293
0.911359
0.514405
1.40415
1.85521
0.615862
1.53405
1.55422
1.95115
1.40583
1.00894
0.120411
0.739507
0.682729
0.175493
0.284263
0.944806
0.324317
0.525878
1.44061
0.728263
1.26079
0.686503
1.51354
1.18931
0.129679
1.46388
0.54742
1.65471
1.11602
0.461464
0.262827
1.15667
0.85905
0.282558
0.941232
1.12929
1.61638
0.357862
0.695574
1.14169
1.22134
1.03891
1.53627
1.32787
0.0768299
1.92686
0.0119116
1.80542
0.262392
0.298421
1.39043
0.252605
0.788625
1.9052
0.232812
0.803274
1.06344
1.19664
0.167968
0.652586
1.38304
1.7524
1.27995
0.165149
1.73548
0.601161
1.41394
1.26932
1.61641
1.5416
1.15387
0.833971
0.291032
1.60746
1.28104
0.901174
0.144996
0.833888
1.48857
1.37043
1.91381
1.84113
0.362462
1.19918
1.85136
1.63014
0.736381
1.83297
1.59666
0.888306
1.44142
0.515298
1.77806
0.695333
0.036991
0.428447
1.97291
1.10699
0.781423
1.73654
1.03364
1.09734
1.93035
0.407772
0.673457
0.907197
1.82451
1.47129
0.332291
1.19697
0.167461
0.591656
0.321706
0.952704
1.86164
1.93784
1.29616
0.37759
0.117312
1.65183
0.940196
0.71925
0.470129
1.04436
0.637118
1.10321
0.902677
1.66628
1.47669
1.59733
0.216906
1.69624
1.00812
0.751975
0.498888
1.04217
0.965215
1.11596
1.04059
0.863186
0.6337
1.0324
1.91209
0.734726
0.540445
0.671598
0.44831
0.820477
0.663394
1.87764
0.228526
1.9878
0.331435
1.70613
0.173097
0.173258
0.681243
0.707033
0.658871
1.25379
1.58316
0.061469
1.85851
0.442201
0.0847874
1.60297
1.67933
0.680077
1.65029
0.889049
0.850276
0.969738
1.83847
0.172425
1.16451
0.804854
1.97986
1.70668
0.449287
1.89199
1.14366
0.0429348
0.490334
1.42142
0.0908909
0.618201
0.49756
0.62248
0.426656
1.43329
0.761677
0.13535
1.86877
0.023513
1.0374
1.69464
0.00103599
1.22758
0.355812
0.683916
1.61569
1.92437
0.805125
1.85134
0.144743
1.47943
1.66461
1.13715
0.663592
1.79278
1.87485
0.666927
1.44083
0.400829
0.098376
0.322231
1.86513
1.13174
0.923829
0.55266
0.373384
1.8923
0.705348
1.86194
1.41785
0.583449
0.1184
1.19056
1.09638
1.84274
1.7528
1.95238
1.2411
1.73752
1.65635
0.330211
1.57481
1.58811
0.508417
1.75564
0.487313
0.00813159
1.86016
1.79358
0.445894
0.848787
0.261673
1.37581
0.558902
1.59645
0.421775
0.171757
0.24514
0.748839
0.569458
0.6621
0.728211
1.09921
0.284267
1.87575
1.73093
1.69322
0.666808
1.36918
0.292987
0.718084
0.36708
0.576624
0.759054
1.34891
1.64192
0.0952662
0.349226
0.0547777
0.923719
1.27875
1.06524
1.43884
1.75012
1.11073
0.936496
0.120175
0.998347
1.24505
0.78412
1.72783
1.70298
0.866144
0.341134
0.408568
0.779971
1.2348
0.709189
0.401695
0.492728
0.739637
1.42183
1.4925
1.94952
0.0131987
0.130248
1.23028
0.310145
0.00940058
0.371775
1.90937
0.895489
0.847401
1.65565
1.47294
0.608685
1.84876
0.478407
0.594408
0.300446
1.22971
1.78586
1.89946
0.903319
0.320318
0.456047
0.694474
1.26783
0.298694
1.42945
1.13509
0.469182
1.61449
1.53201
1.19584
0.400972
0.871036
1.71086
1.25592
1.34378
0.0438756
1.32989
0.337489
0.701718
0.365285
0.356999
1.79678
1.81557
0.30366
1.67035
0.539826
1.3513
1.88347
1.0482
0.597038
0.68855
1.64049
0.576871
0.539734
1.88293
0.581093
0.979757
1.27282
1.54864
0.278048
0.323886
0.143577
1.76589
1.24318
1.39095
0.035659
0.693273
0.290703
1.97157
1.93289
0.122844
1.40314
1.84546
0.113538
1.74539
1.65861
0.4083
1.23837
1.12506
1.83698
1.09081
0.0407298
1.1281
1.03311
0.615929
0.0187285
0.508973
1.08973
1.96912
0.831753
1.46419
0.148339
0.572056
0.685848
1.14147
0.676399
0.577363
0.480935
0.633622
0.840339
1.95997
1.016
1.01237
0.507548
0.92012
0.39714
0.231324
0.177646
1.27365
0.509739
1.58227
1.03059
1.65165
0.550646
0.422449
0.464605
0.279911
0.168788
1.51436
1.19674
1.98328
0.349573
1.38868
0.614918
1.75243
1.27197
0.0672073
0.0294077
1.09615
1.89344
0.172934
0.249852
1.5333
1.52558
1.57218
1.18447
1.86154
1.33371
1.47073
1.52059
0.660864
0.21011
1.47465
0.705359
1.2068
0.884273
1.20604
1.22832
0.996047
0.955466
1.44137
1.42707
0.0951361
1.9406
1.47299
1.57364
1.59063
0.830913
0.154972
0.318072
0.597608
1.69595
0.636949
1.62099
0.876053
0.409331
1.33052
1.61159
0.864304
1.46443
1.88563
1.17373
0.212582
0.415892
0.15798
0.478401
1.811
0.139703
1.83377
0.80619
0.60031
1.9063
0.0342286
1.77538
1.00558
1.43488
1.72132
0.451844
0.93686
0.337424
1.39227
0.355647
0.179964
1.56676
0.438946
1.76837
1.99871
0.496277
0.377898
0.256449
1.30483
0.537012
0.117281
1.31264
0.494798
0.565679
0.499499
0.125628
1.89959
0.265934
0.325787
0.901792
0.264276
1.93388
0.846885
1.75372
1.94292
0.38968
1.7413
1.01238
1.10884
0.413985
1.74421
0.284396
1.61575
1.84956
1.77422
0.744897
0.653451
1.9186
0.453859
0.247163
0.0915373
0.993912
1.39415
0.158107
1.70711
1.90816
0.0587749
0.749398
0.904078
0.45591
1.4862
0.519573
0.473663
1.37418
1.63134
0.0221395
0.652071
0.0853202
0.342195
1.36527
1.16872
0.129806
1.60079
0.0901426
0.337098
0.923953
1.78563
0.915901
1.88842
1.67639
1.3131
1.81753
0.148631
1.02493
0.226867
1.41734
1.61849
0.478619
1.2608
1.22959
1.39555
1.03087
1.86882
0.645474
1.31143
0.868139
0.543733
1.80239
0.573125
0.0704807
1.60061
1.75526
0.12074
0.553655
1.71472
0.0953544
1.19829
0.500215
0.266773
0.317752
1.20748
1.64265
1.6121
0.864264
1.9746
1.96291
1.38497
0.608135
1.59848
0.299778
1.1195
0.845434
1.13071
1.04577
0.277622
0.848215
1.32515
1.97601
0.810755
0.0905871
0.038038
0.506947
0.749439
1.414
1.11277
0.73559
1.44487
1.05151
1.56644
0.748488
0.720447
1.61519
0.597719
0.696978
0.697497
0.10061
1.69021
0.176727
0.685921
1.60177
0.768459
1.96754
1.94264
1.83279
0.905078
0.614074
0.942551
0.200202
0.857695
0.644932
0.771684
0.248718
0.0932544
0.370465
1.57346
0.822873
1.78604
1.92417
1.23144
0.767015
0.492001
0.168906
1.41516
0.0521872
1.5983
1.8825
0.259818
0.867005
0.706152
0.415197
1.26838
1.16264
1.80678
1.65602
0.3044
0.193729
0.709712
0.767139
0.148796
0.284798
1.47585
0.505855
0.794689
1.00845
0.885963
0.8503
0.503839
0.0545356
0.283743
0.00940294
1.5899
0.0164874
1.40029
0.938452
0.312994
1.5916
1.11424
0.669569
0.859403
1.05476
0.213841
1.94844
0.356216
0.821004
1.8445
0.271629
0.200807
1.66032
1.08948
0.57212
1.77335
0.187146
1.64034
1.66963
0.967203
1.76558
1.61869
1.71472
1.48723
1.85195
1.66783
0.59032
1.26704
0.378903
0.322931
0.693789
0.37491
0.360375
0.46611
1.92138
1.73953
0.788492
1.06362
0.554705
0.126418
1.48021
0.629036
1.88287
1.36189
0.657759
0.988737
0.220909
1.31254
1.9583
0.99443
1.60386
1.06248
0.428209
1.67472
0.153195
1.05128
1.97772
1.30319
1.41925
1.67951
0.610623
1.60279
1.85253
0.564315
1.14613
0.0682189
1.7505
0.977051
0.00809975
0.537398
1.18256
1.58721
0.638387
0.699055
1.96129
0.642933
0.36855
0.136389
0.722828
0.191711
1.90111
0.945059
1.98164
1.19377
1.57261
0.662458
1.71733
1.50732
1.59062
1.3023
0.25159
1.25345
0.511237
1.27687
0.191791
0.423227
0.489308
1.56403
1.9776
0.504152
1.26145
1.22566
1.99284
1.0516
0.406391
1.3669
0.342767
1.45248
0.423848
1.01808
0.763176
0.634823
0.614501
0.891521
1.27981
0.23424
0.109773
1.43911
1.28655
1.48412
0.386113
0.413728
0.10305
0.648894
1.30075
0.704088
0.694636
0.0346085
0.223555
1.16425
0.447027
0.562552
0.837215
0.311619
0.684141
1.05738
1.99794
1.78263
1.62745
0.335291
0.181731
1.46451
1.44832
1.75601
1.84605
0.249884
1.2539
1.46854
0.751604
0.947228
1.16826
1.58823
1.09472
1.65746
1.96856
0.718169
1.18481
0.742032
0.896866
1.66356
0.0560339
1.82715
1.43173
0.400636
1.12434
0.663809
1.47907
0.264005
1.15933
0.0938818
1.04889
0.216664
0.989708
0.759825
0.240333
1.37048
0.0390626
1.7807
0.447226
0.35315
1.7881
0.691479
0.881387
0.475825
1.5686
1.23074
1.71677
0.892677
1.94143
1.98923
1.41041
0.305859
1.04591
1.3992
0.654064
0.60784
0.0660579
0.734853
1.27071
0.188579
0.670937
0.355154
0.882019
1.28209
1.2054
1.98123
0.192708
0.340979
1.48566
0.521285
1.58541
1.15844
0.129611
1.08075
0.759165
1.14931
0.346051
1.16843
1.86815
0.92474
1.14878
0.0707533
0.668762
0.395977
0.290318
0.252773
0.469924
0.481199
1.00707
1.98788
0.862879
0.440056
0.743365
1.24804
0.749025
0.604048
1.97436
0.419076
0.847105
0.67107
0.52296
0.608763
1.76496
1.13495
1.2809
1.8552
0.037805
0.94213
1.48565
0.39091
0.568642
0.966916
0.145009
1.14551
1.14324
1.91606
0.678296
1.35181
0.353626
1.94973
0.251051
0.739874
1.88495
1.3336
0.385493
0.647478
0.150143
1.30239
1.36673
1.11653
0.753821
1.06681
1.43183
1.20274
1.64933
0.295229
0.27941
1.96087
0.737938
1.32539
0.261235
0.549565
0.724476
1.0597
0.308872
1.80204
1.7509
1.00674
0.0831029
1.88978
1.95357
1.79071
0.0476246
0.095256
0.153358
1.49627
1.32553
1.03906
1.95088
0.791637
0.0448636
0.258449
1.26954
1.47056
0.934027
0.296963
1.87031
1.32601
0.499335
0.62579
1.95522
0.441891
1.35692
1.65084
1.13885
0.366381
0.658078
0.560507
1.29933
0.164595
0.824573
0.185437
0.181644
0.553402
1.41285
0.672949
1.77198
0.956151
1.24158
0.416117
1.88729
0.0236426
1.5239
1.93622
1.81684
1.50677
1.98821
0.791141
1.22946
0.487356
1.91541
1.49777
0.981981
0.44938
1.96388
1.07304
1.66933
1.41725
1.10579
0.423238
0.96422
0.748727
1.37231
0.972875
0.821072
0.0538051
1.96
0.927272
0.792204
0.977889
1.70807
0.309606
1.66009
0.378954
1.08366
1.99397
1.30658
0.031417
1.07201
0.625926
0.264007
0.0733711
1.16867
1.19389
0.010629
1.2338
1.26783
1.76116
0.385872
0.138972
1.54336
1.42166
0.429437
0.0479748
0.00166066
1.12574
1.58033
1.53791
1.63365
0.0686835
0.289719
1.28284
1.88338
1.16358
1.76315
0.0468092
0.438914
0.553763
0.511118
1.75269
1.7654
0.650514
0.900823
0.470697
1.9188
1.28107
0.12571
1.92801
0.855493
0.601386
1.16766
1.52682
0.148752
1.32381
0.679547
0.388951
1.80004
1.25738
0.132213
1.9895
1.98257
1.71455
1.44284
0.151081
0.310941
0.329116
1.68929
0.959371
0.182668
0.864026
1.85933
0.537153
0.997364
0.897583
1.93468
0.410492
1.41411
1.65232
1.69694
1.70563
0.670748
1.82291
1.10812
0.180254
0.29473
0.185086
1.78941
1.86555
0.824809
0.911293
1.26926
1.36738
0.146826
1.75136
0.715509
1.58448
0.649484
0.916834
0.890136
1.93386
1.80197
1.65471
0.848078
1.42386
0.953706
1.95091
0.0971659
0.701218
1.58228
1.58017
1.47571
0.188635
0.0354402
1.06516
1.59134
0.933296
1.71701
1.46759
1.91836
0.694946
0.584974
0.556881
0.0992457
0.693548
0.66265
0.842892
0.761571
1.4747
0.475381
0.120914
0.469506
1.67266
1.97874
1.19106
1.86025
0.997484
0.526787
1.53693
0.508011
0.668851
0.567244
1.34789
0.582534
0.47373
0.185817
0.684397
1.17892
1.81465
1.90265
1.1372
0.29555
1.24774
1.77921
0.591613
0.250682
1.10339
1.37393
0.797642
0.798655
1.9152
1.81334
1.48625
1.19277
1.46615
1.70609
0.448787
1.2359
0.636796
1.10763
1.6651
1.80202
0.832304
0.530159
1.36304
1.87448
1.39154
0.767153
0.893925
0.369402
1.34656
1.1665
0.0836695
0.43928
1.64691
1.63424
1.1761
1.36603
0.171443
0.0338126
1.15346
1.9177
0.887091
0.796009
1.28997
0.848573
0.246437
1.73607
1.74641
0.716426
1.95104
0.37237
1.58701
1.9059
0.818117
1.10614
1.27197
0.897168
0.992819
0.99838
0.595788
1.2649
1.57698
0.538647
1.33849
1.43449
1.18721
0.472719
1.3324
1.21705
0.150375
1.62587
1.18119
1.66121
0.359196
1.99006
0.330244
1.78585
1.42694
1.85752
1.4296
0.170774
0.506879
1.92317
0.82593
1.81756
0.601678
0.634576
0.648376
0.885923
0.636501
0.309519
1.99742
0.142083
0.435784
0.859273
1.78903
1.54012
1.70333
1.25506
1.34118
1.51027
0.862673
0.990873
1.24392
1.38536
1.92154
1.1407
1.96798
0.67952
1.7367
0.976208
0.242545
1.6524
0.83029
1.92401
1.22436
1.04831
1.00158
1.60414
1.30535
0.771083
0.831602
1.02361
1.42235
1.24312
0.33613
0.0236749
1.24439
0.935113
1.86596
0.305164
1.73062
0.50958
1.75075
0.0210937
0.185765
1.72528
0.641744
0.658325
0.485468
1.83375
0.654911
0.26877
1.44227
1.00328
1.72392
0.841041
0.504421
1.24463
1.20883
0.579004
1.17585
1.99198
0.00385498
1.73774
0.569401
1.51158
0.277223
1.34576
0.190196
1.44123
1.194
0.618009
1.46051
0.464302
0.192662
1.90185
0.123085
1.84692
0.915782
1.39425
0.818492
0.565287
1.27385
0.546585
0.230637
1.18099
0.522785
1.99483
1.67396
1.88648
0.9832
1.32877
0.238676
1.33999
0.296723
1.08044
1.37093
1.86819
0.197744
1.25395
1.15557
0.541731
1.62827
1.71094
0.0988938
1.91627
0.307568
0.267971
1.35011
0.683345
1.26253
1.1868
1.74785
1.09725
1.35109
0.706464
0.258978
1.47705
1.33939
1.24804
1.42823
0.746353
0.691646
1.39234
1.4245
0.865267
1.58608
1.35127
0.487613
0.0809343
0.129841
0.00682909
0.679634
1.62568
1.33365
1.77406
1.69694
1.58772
0.728576
1.88626
0.174176
1.58499
1.38931
1.96581
1.15229
1.96162
0.917623
0.568962
0.485521
1.67364
1.29644
1.62478
0.830085
0.771734
1.38225
0.967779
1.74076
0.996571
1.36512
0.199432
0.381544
1.19971
0.000922692
0.956468
1.43914
0.0565607
0.656909
0.360052
1.42865
0.206253
0.850634
0.986703
1.44515
1.20054
0.592996
0.107005
0.42996
1.88229
0.714684
0.285666
1.91265
0.90096
0.275604
0.22159
0.487691
1.67166
0.186281
1.57924
0.386201
0.488355
0.987056
1.23614
1.31227
0.217464
1.19698
1.11475
1.88008
1.33334
1.06141
1.77899
1.28457
0.344295
0.436013
1.4787
1.25508
0.434016
1.00657
1.24557
0.805002
1.71819
0.391376
0.595685
1.40066
1.33043
1.49264
0.748702
1.03299
0.694956
1.78639
0.998718
1.09332
0.751658
0.0802315
1.05668
1.92264
0.392813
0.969767
0.220435
1.96773
0.588
1.3217
1.13375
0.54889
0.201587
0.879952
1.93351
0.343392
0.261563
1.50343
0.865746
0.183879
1.46385
0.441306
0.262562
1.86728
0.314989
0.419651
0.38093
0.155849
0.875469
1.27863
1.4137
0.473982
1.88972
0.0518536
0.809493
1.61525
1.98879
1.37877
0.16467
1.92636
0.840299
1.88117
1.05732
0.161271
0.675209
1.88949
1.24499
1.85781
1.69316
1.37279
1.00679
0.183633
1.98084
0.372972
1.87844
0.0187835
1.17319
0.19501
0.395101
1.38044
0.667303
1.18596
0.537721
1.99748
0.305258
1.75147
1.93071
0.169972
0.43404
1.47053
1.15779
0.496722
1.26545
0.872564
1.24955
1.48702
0.963282
1.92253
0.12749
1.04582
0.770597
0.856566
0.566429
0.893135
1.50173
1.30877
0.0874123
0.629767
0.676212
1.45241
1.41354
0.827455
0.960048
1.61605
0.85412
1.27237
0.569732
0.216233
1.12244
1.38812
0.87645
0.458353
0.862542
1.20659
0.681052
1.57952
1.36263
1.68166
0.344161
0.00808468
0.13671
0.509652
1.58877
1.87686
1.45883
0.65292
0.717324
0.00527834
0.797998
1.02436
1.35997
1.75907
0.127164
1.57476
0.860329
0.859809
1.93438
1.93685
0.847582
1.3765
1.63915
0.916402
0.750732
1.98605
0.358023
1.04679
0.666743
1.98783
1.08649
0.532188
0.78183
1.72523
0.0193953
0.542931
0.737105
1.9902
1.36023
1.89805
0.49879
0.222221
1.19125
0.147362
1.25257
0.467045
1.63711
1.9017
0.523204
1.1994
1.75509
1.04283
1.8197
0.152178
1.89642
0.470017
1.22096
0.853905
0.702134
0.922837
1.79945
0.014587
0.268802
1.75108
0.912072
0.971468
0.605587
0.693471
0.332262
0.0431299
0.133417
1.09847
1.12319
0.994804
1.70625
0.687131
1.303
0.409171
1.46316
0.982665
1.9458
1.75524
0.215165
1.00827
1.30014
0.685793
1.87624
1.47064
1.02085
1.84795
1.38277
1.8059
0.088306
0.476801
1.34936
0.949731
0.689271
1.81724
0.942426
0.204676
0.331307
0.677922
0.103453
1.23822
0.907807
1.29199
1.94478
1.44941
0.601444
0.131518
0.0125867
1.53701
0.92682
1.79184
1.82657
0.450258
1.70281
0.846766
1.2414
0.796621
0.151631
0.846237
1.09357
1.2819
1.89235
0.280184
1.50276
1.8821
0.0393898
0.171352
0.485246
1.90802
0.0450427
1.88852
1.66955
0.220057
0.756401
1.63848
0.985264
1.47772
1.29476
1.12203
1.66034
1.34311
1.89384
1.27675
1.34718
1.11768
0.526749
1.09093
0.193866
1.91756
1.47376
1.29907
0.209069
1.22169
0.0324404
0.33287
0.525718
0.539668
0.574202
1.54277
0.771671
0.510422
0.13861
1.43843
0.432383
1.05763
1.1908
0.569444
1.58989
0.918151
0.353429
1.77494
0.703951
0.0395183
0.353251
0.614266
1.65437
0.76257
1.90698
0.818979
0.00361679
0.615199
0.633571
0.0971096
0.29899
1.24425
1.02601
0.684296
0.0332369
1.67441
1.11418
0.891801
0.872375
0.674732
0.0567329
0.667639
1.72
0.344552
0.832639
1.86705
0.633591
0.826726
1.85823
1.661
0.260569
1.50356
1.77899
0.125941
1.67799
0.123781
1.69183
0.331252
0.202997
0.462139
0.221402
1.64741
1.58513
1.92388
0.498426
1.35198
1.10425
0.82625
1.92991
1.55431
0.964939
1.34336
1.19929
1.85404
1.20604
1.85746
0.258998
0.743968
0.458185
0.077478
1.46256
1.55306
1.18612
0.386428
0.470686
0.141947
1.97813
1.15916
1.92512
0.510107
1.97799
0.620179
0.324446
1.04982
1.58006
1.68705
0.0774566
0.912621
0.949455
1.25214
1.56668
1.14205
1.51585
1.41334
0.0162296
0.525542
1.28274
1.62744
0.580902
1.89688
0.0757912
0.449504
0.933622
1.4505
0.571176
1.5436
0.897262
0.955574
1.22054
0.873108
1.96758
0.662792
1.40565
0.907584
0.344473
0.934857
0.335756
0.0928558
1.603
1.42829
1.45185
0.799889
0.564539
0.0023701
0.708844
1.05496
1.88811
1.11875
0.466551
0.46394
0.542946
1.80181
1.40608
0.228992
0.90828
0.00495557
0.203012
1.65372
1.52193
0.121737
0.342972
1.45434
1.45704
0.973031
0.224974
0.395618
1.55985
1.82269
0.853252
1.75632
0.280643
1.09834
0.2244
1.51624
1.39143
1.10513
0.878853
1.09204
0.45815
1.23062
0.200567
1.03179
1.65207
1.81991
0.734211
0.529668
1.92196
0.243136
1.10159
0.396626
1.81717
1.62655
0.549513
0.828679
1.05153
1.56977
1.68288
0.502835
1.96118
0.888935
1.27945
1.73129
1.92974
1.11755
1.65311
1.16848
1.32144
0.204198
0.771712
0.436177
0.981431
0.0906484
1.96918
0.524587
1.56631
0.836508
1.12038
1.68659
1.22104
0.070872
0.999559
0.783399
1.47043
0.512328
0.953532
0.947342
0.97577
1.50059
0.397047
0.325738
1.17501
1.42402
0.113605
0.534734
0.882146
1.30977
1.28313
0.980599
1.59882
0.849054
0.782211
0.296486
1.77286
0.598561
1.6989
0.814256
0.829048
1.24389
0.184913
1.35976
1.80342
1.08724
1.98904
1.27039
1.57605
1.04163
0.252446
0.89987
1.50983
0.438285
1.11921
1.71387
0.746376
1.08148
0.404001
0.905305
0.240886
0.0520668
0.238773
1.50175
0.749251
1.15987
1.97054
0.0513865
1.76901
0.319295
0.514881
1.19199
1.90429
1.71014
1.22236
0.413222
0.677637
0.423162
1.42723
0.662526
1.48153
1.80385
0.94836
0.427503
1.82486
0.183582
0.939334
0.130147
1.45462
1.13121
0.389793
1.6082
0.076904
0.0783437
0.568599
0.716674
1.53561
0.0941738
0.834236
1.67464
0.598498
0.393178
0.122229
1.10059
0.159239
1.45722
1.88914
1.80204
1.68189
0.268036
0.0956416
1.69039
1.60376
1.57084
1.54599
0.240012
1.269
0.814081
0.641021
0.116578
0.144769
1.99582
1.46446
0.157413
1.07568
1.70214
0.677855
1.79872
1.23867
1.34677
0.440437
0.349456
1.58315
1.91626
1.26624
1.49132
0.88226
1.0668
1.38889
0.0468101
1.204
1.22307
0.338475
1.97011
0.487832
1.94578
1.61621
1.01579
0.854988
0.905697
1.33277
0.218681
0.642651
0.819994
0.373384
1.80556
1.03688
0.229281
0.765228
0.633515
1.90156
0.112401
1.61588
0.332981
1.19785
0.350547
1.29967
1.36759
1.58124
0.382819
0.163118
1.96792
0.547756
1.81745
0.985369
1.00222
1.88828
1.66073
1.47866
0.167483
1.52256
1.17997
0.204416
0.472492
1.49989
1.58754
1.40128
0.506781
1.21274
0.69162
1.08291
0.203202
0.317463
1.25642
0.0392217
1.31172
0.160281
1.93013
1.54199
0.0751365
0.0537476
1.09501
1.63288
1.40243
1.89504
0.491944
0.663539
1.2552
0.237426
0.196703
1.55232
1.6664
0.137095
0.76854
0.708943
1.4044
1.51286
0.178223
0.908866
0.501658
1.46057
0.925525
0.528978
0.218434
1.96895
1.42675
0.419327
1.99377
0.0896963
1.31295
1.36441
0.645469
1.66786
1.26743
0.880571
0.941716
0.326553
0.325443
0.412657
0.431724
1.32719
0.775761
0.846414
1.14896
0.0429851
1.26328
0.446143
0.671476
1.09172
1.16288
0.798333
0.4684
1.99364
1.83453
0.839507
1.42242
0.621916
1.12516
1.34923
0.372075
1.53579
1.2535
1.45178
0.803253
0.687414
0.13443
0.461491
1.40251
1.20098
1.06863
1.20719
0.133021
0.882637
0.751439
0.591102
0.042236
0.759012
1.92009
0.451
1.84229
0.504199
0.355062
0.184168
1.72045
0.204667
0.781972
0.40965
0.973087
1.43257
1.9981
0.837417
1.3203
0.283418
0.121035
0.274701
0.91398
0.619142
1.95519
0.774775
0.603903
0.550942
1.21339
0.550205
0.593677
0.979047
1.86208
1.19306
1.15102
1.55522
1.78441
1.42217
0.670549
1.93959
0.273588
0.0303366
0.549798
0.69451
0.692315
0.379829
0.716595
0.72605
1.78235
1.58103
1.47488
1.61572
0.409638
0.374705
1.5568
0.347567
0.692811
0.550174
1.97874
1.96792
0.527301
0.597916
1.28791
0.51446
0.488175
0.592582
0.308689
1.90749
1.89167
1.41807
1.79126
0.905158
1.24108
0.954183
1.99635
0.807523
0.893519
1.60957
1.14659
1.84504
0.736961
1.63844
0.293249
0.702253
1.61399
1.28096
0.104699
1.20443
1.09458
1.01403
1.19388
1.03343
0.550683
0.0333386
0.235961
0.608169
0.849797
1.70342
1.35865
1.72482
1.09918
0.0402715
0.0429635
1.9234
0.601819
0.296449
1.93068
0.59654
1.18727
0.217068
1.24478
0.280028
1.57765
1.32015
1.7661
1.2579
0.712659
1.32558
0.735308
1.92159
0.785059
1.58768
1.43079
0.49645
0.203938
0.258023
0.100835
0.679227
0.494107
0.510349
1.62691
1.23104
1.76144
1.95849
1.02814
0.765015
0.244808
1.10473
0.245217
0.852223
0.860838
0.195262
0.32232
1.18832
0.39839
1.78213
1.29069
0.646183
0.317047
1.64137
1.70122
0.622414
1.75654
1.93185
1.86119
0.718357
0.389935
0.165479
1.3312
0.0431934
1.00256
0.0167732
1.47683
0.974326
0.934635
0.782296
1.85929
1.09118
1.11883
1.78296
1.91014
0.932741
1.00938
1.16458
1.73933
0.566478
0.547824
0.363526
1.98498
0.393597
0.891073
1.98513
1.70486
1.14608
1.79617
0.759406
0.953372
1.07135
1.28107
1.39899
1.25772
0.509098
0.997707
0.924045
1.44645
1.64596
0.560854
1.72716
1.75657
0.665076
1.28338
1.42291
1.04553
1.32729
0.562045
0.678051
0.903336
0.954775
1.41451
0.930277
0.668243
1.25288
0.335646
0.745055
0.429527
0.123229
1.6004
0.776447
0.60636
1.87263
0.195834
1.6792
1.60203
1.75966
0.429884
1.97703
1.64637
1.38544
0.0959234
0.0755072
1.26619
1.62007
0.608769
0.567301
1.14701
0.107371
1.94251
1.28091
0.237434
0.101799
0.134284
1.52522
1.50598
0.615514
0.186486
1.83949
1.06247
1.27266
0.21074
1.72566
1.49516
0.404521
0.81654
0.936587
0.139857
0.349408
0.433894
0.787873
1.96676
0.496695
0.904034
0.319542
0.813896
0.902917
0.0117375
1.1361
0.0469958
0.652323
1.23389
0.468772
1.2667
0.672555
0.681329
0.328253
0.0199849
1.19807
0.00072143
1.96051
0.603323
0.873353
1.31675
0.319272
1.87991
0.685656
1.14831
0.798935
0.956427
1.95068
1.71981
1.21487
0.814169
1.64583
1.55446
1.45436
1.71063
1.47093
0.885706
1.88381
0.751414
1.41506
1.76251
1.95525
1.7385
0.732843
0.938149
1.37649
1.47054
1.07438
0.703594
1.39159
1.0155
1.46685
0.738829
0.0826395
0.821193
1.35131
0.415477
1.94096
1.24033
0.259505
0.145164
0.470643
1.64529
0.397019
1.285
0.968878
0.321636
0.682344
1.03519
0.529869
0.99196
0.841849
1.55562
1.28411
1.51928
1.0755
1.05723
0.570755
1.75775
1.17778
1.22538
0.96076
1.81021
1.9022
0.454978
1.98238
1.42801
0.64701
1.84824
1.21767
1.38588
1.87812
1.27993
1.2203
0.950021
0.764929
1.02183
0.238554
1.89266
1.94123
1.13825
1.59305
1.53732
0.773728
1.01563
0.268626
0.443665
0.665559
0.145105
1.10418
1.35577
1.70423
1.76122
0.159557
0.722838
0.362466
0.448698
0.401867
0.374719
0.899656
0.972068
1.99346
1.6506
0.546538
1.9739
1.90535
0.439666
0.672758
1.83849
1.59626
1.35063
0.165114
1.57483
0.946597
0.714408
0.0431664
1.3535
1.27876
0.494924
1.61046
0.555173
1.60901
1.55761
1.49105
1.06659
1.45382
1.49016
1.84163
1.23753
1.44047
1.2909
0.149677
1.66565
0.0223469
0.14831
0.000862118
1.67289
0.411082
1.34975
1.41459
1.77151
1.24255
1.91269
0.573774
0.0651998
0.555915
1.77775
1.33349
0.180643
0.24457
1.77281
0.133918
0.962214
0.521096
0.681639
0.298914
0.578919
0.677005
0.801089
1.2941
1.35772
1.99061
1.01353
1.72743
1.45406
0.219326
1.02085
0.38188
0.45968
0.75386
1.81765
1.83694
0.404009
0.907755
1.95432
0.461693
1.02857
0.823829
1.72826
1.78449
0.922324
0.289021
1.94921
1.58822
0.797479
1.82747
0.623775
1.73617
1.87572
1.22538
0.878566
1.82809
0.567625
1.6126
0.350188
1.09657
0.84583
1.35701
0.727226
0.211426
1.39119
1.00543
1.77388
1.77215
0.0440685
1.90327
0.998324
0.867578
0.100507
0.690715
1.35173
0.844365
0.699398
1.50276
1.25304
1.71625
0.0367004
0.805983
1.09531
1.23686
0.346226
1.91552
0.310004
0.68391
1.75553
0.942857
0.0978058
0.592211
0.796809
1.72538
1.88662
0.947749
1.57701
1.12363
0.129742
1.03167
1.28351
0.834005
0.102433
1.79303
1.20137
1.13741
1.30035
0.402354
1.06382
1.2627
0.0495834
1.88164
1.29612
1.88944
1.35009
1.16636
0.135649
0.676313
0.874781
0.851666
0.460575
0.996442
1.6491
0.689024
0.0848179
0.588483
1.33037
0.0902483
1.33761
0.728512
1.95431
0.836593
1.53743
0.137384
0.810303
1.70654
1.27596
0.373552
0.0128167
0.602545
0.704238
1.28591
0.765612
0.442471
1.73456
1.85197
1.7229
0.248828
1.02731
0.389954
1.73225
1.11398
1.70145
0.585248
0.133249
1.1687
0.434732
1.64578
1.65456
1.4294
1.68217
1.95444
0.458977
1.14563
0.954132
0.343589
1.77673
1.01834
0.383869
1.18333
0.747385
1.00988
0.374784
1.95249
0.760422
1.84421
1.34379
0.420688
0.61257
1.89283
0.0605166
1.96024
1.34778
0.73881
1.12979
0.603028
1.4744
1.6655
0.0934735
0.932255
0.422913
0.101971
1.00113
0.299555
0.0870381
1.72137
0.93247
0.818856
1.8007
0.368935
1.9416
0.700082
1.34829
0.478164
1.76324
1.3987
1.29685
0.453557
1.1743
0.00918823
1.25623
1.31258
0.390535
1.22359
0.584641
1.17881
0.752313
1.96055
0.969627
0.231432
1.48624
1.10932
0.272035
0.686625
1.4488
1.25624
0.355162
0.859027
0.102441
1.4067
1.03514
0.852824
1.65069
0.00389578
1.91439
1.30965
0.720517
1.14165
0.121675
0.0806483
1.68891
0.157412
0.895621
0.305138
1.08859
0.421472
1.01137
0.788688
1.50099
0.930716
0.440404
1.19851
1.34277
0.378642
0.529631
0.480719
1.33375
1.85986
1.05505
0.0793188
1.08485
0.584018
1.64877
0.779238
0.333421
0.188105
0.111574
1.02962
0.373782
0.689601
0.882234
0.415628
0.403816
1.03883
0.0403607
0.907449
0.341657
0.377702
0.230715
1.52814
1.92339
0.297199
1.78965
0.756976
0.191809
1.35722
1.42173
1.61726
0.140634
0.973027
0.267747
0.593865
1.70954
1.56501
0.136258
0.506916
1.45843
0.83048
0.46486
1.78554
1.89143
1.47797
0.638686
0.123635
1.06217
0.977945
0.469952
0.78096
0.26372
0.499855
0.548421
1.45466
1.53403
1.05437
1.12702
1.83716
1.537
1.83734
1.3658
1.44838
0.197736
1.55612
1.90238
0.861947
1.63269
0.339272
0.664971
1.98934
0.0113694
0.996477
1.98657
1.5525
1.34636
1.60761
1.64265
0.784432
1.84051
0.770501
0.111416
0.22898
0.438389
0.56763
1.9099
0.736504
0.530971
0.796245
0.71078
0.017468
1.35553
1.25395
1.14383
0.418725
0.437733
0.435747
0.567812
1.04158
1.3727
1.14703
1.55112
0.604499
0.484037
0.0933435
1.71336
1.34233
1.08552
0.53608
0.010686
0.875519
1.46297
1.74316
1.53226
1.2304
0.188236
0.0160271
0.375242
0.842997
0.210156
0.970024
0.492354
0.839135
0.732622
1.93397
1.09211
0.697207
0.649146
0.271467
0.137176
1.7737
0.27188
0.430693
0.713437
0.498712
0.40203
1.76736
0.362355
1.40606
1.81177
1.81403
0.935572
0.312381
0.0819913
0.555986
1.99651
1.83898
1.62403
1.65452
1.57959
1.95863
0.0962402
1.50971
0.986539
1.8371
0.543093
1.79279
1.04747
1.56476
1.97253
0.126144
1.39108
1.60397
0.966267
0.0649608
1.71536
0.89347
1.86656
0.319503
1.27435
0.407834
1.12609
0.0414839
1.70733
1.31162
1.45361
1.75572
0.282255
0.866208
1.31804
0.859822
1.0979
1.08542
0.441065
1.61616
1.28527
0.601709
0.937962
0.880286
1.7778
0.314288
1.13481
0.934263
0.65651
0.667435
0.79096
0.744996
0.40622
1.74662
1.72025
0.226194
0.964593
0.58727
0.874997
1.04242
1.1154
1.22863
0.365469
1.7744
0.581087
1.32593
1.73184
1.26321
0.828181
0.0450693
1.15388
0.529799
1.59697
1.97159
1.4985
0.756696
0.848776
1.33846
0.613793
1.45484
0.657156
1.78456
0.209598
1.56082
1.75122
1.48168
0.895993
0.149229
0.932593
1.29464
0.669827
0.699069
0.187742
1.23143
0.276983
1.77787
1.55556
1.1422
1.78541
0.675918
0.9582
1.4749
0.411346
0.579606
0.952969
0.842689
1.09417
1.13651
1.47554
0.452811
1.77045
0.932642
0.330308
0.693308
1.42597
0.12178
1.5463
1.4161
1.74114
1.11297
1.34497
0.959764
1.75
0.851863
1.90781
1.63358
0.365755
1.29332
1.36836
0.859105
0.13421
0.401745
0.776087
0.265703
1.68567
1.41047
0.768083
0.123341
0.607166
0.629925
0.646452
0.437247
0.0280053
0.336327
0.272334
0.662787
0.793764
0.751586
1.28571
1.50213
0.592313
1.48526
1.44655
0.744692
0.126586
0.927149
1.03521
1.37979
1.31768
1.92247
1.84607
0.79611
0.675687
0.236994
0.745779
1.29892
1.55556
0.440878
1.96381
1.49456
0.14425
0.561138
1.35462
0.329149
0.227342
1.63738
1.92933
0.33949
0.0459925
0.452308
1.53145
1.04948
1.96175
0.059313
0.391993
1.27509
1.85963
0.794572
1.06515
1.277
0.772941
0.605455
1.30954
1.44796
1.9204
0.33137
0.876269
1.073
1.13753
0.663296
0.0833535
0.338555
0.359307
0.947892
1.6461
1.59608
0.875982
0.962936
1.91771
0.942515
1.77277
0.823403
0.967973
1.94309
0.400099
0.365378
1.73587
0.601767
1.64905
1.50865
1.65507
0.997945
0.584398
0.163991
1.81407
0.188838
0.391631
1.37201
1.22866
1.76055
0.125296
1.57352
0.294588
1.81929
1.88358
1.20392
0.171747
0.350057
0.102823
0.283983
0.531408
0.117879
1.3524
1.00835
0.756318
0.85615
1.06665
0.779339
1.82445
0.873882
0.952578
0.305344
0.97926
0.0949063
0.434434
1.57179
1.13241
1.18693
0.614752
1.8672
0.133769
0.273781
1.70958
1.50937
0.731372
1.01944
1.3174
0.354966
0.454237
1.80279
0.414981
1.314
0.712417
1.26166
1.58042
1.91275
0.894052
1.86258
0.766791
1.6602
0.938349
1.61266
1.8756
1.95001
1.30259
1.22856
1.35213
0.392974
1.47644
0.467877
1.67616
0.584689
1.36337
0.95335
0.28287
0.247856
1.69541
0.92277
0.314702
1.05597
0.841373
1.4907
1.25812
1.52725
0.489197
1.48562
0.662628
0.0537535
1.4113
0.282885
0.145441
1.426e-05
0.267373
1.32947
1.83312
1.15654
0.27556
0.949254
1.0462
0.819793
1.30025
1.36898
1.30308
1.02222
0.644597
1.39369
1.80407
0.970558
0.376437
0.91541
1.25282
1.22826
0.0152665
1.31717
0.792027
0.373309
0.813415
0.116483
0.519701
0.115797
1.75873
1.31359
0.780028
1.73687
0.918405
0.925129
1.04592
1.1312
0.478166
1.19949
0.548573
0.525603
1.53735
1.71249
0.799025
1.69001
0.14374
1.146
0.409151
0.0574788
0.391894
0.515902
1.67063
1.88714
1.7973
1.22044
0.551747
1.0891
1.43349
1.17448
0.568918
0.325532
1.44631
1.38428
0.680661
1.55034
0.354302
0.844825
0.725474
0.146441
0.0724922
1.05152
0.401179
1.79071
1.29883
1.69522
0.445865
0.485967
0.268816
0.769641
1.93273
1.90332
1.6159
0.00436373
1.41313
1.92954
1.90476
1.33484
1.29793
0.472994
0.8209
0.0757101
1.90538
0.00785931
1.90763
0.0313549
0.158866
0.835352
1.73766
0.788552
0.67611
0.754618
0.123498
1.47602
1.96961
0.694994
1.76026
0.82816
0.626598
0.250158
0.0536453
1.34291
1.86166
1.52405
0.0620156
0.493143
0.0724245
1.65044
1.3315
1.74673
0.774569
0.827756
0.0208071
1.24254
0.246275
1.10657
0.942844
1.0715
1.75503
1.61029
1.05503
0.613095
1.65812
1.22962
0.232504
0.344464
0.435762
1.75294
0.728975
1.80322
1.43907
1.30322
1.51661
0.854104
0.631865
0.335472
1.21653
0.915393
1.26236
0.292613
0.434659
0.718097
1.94979
1.94125
1.07866
0.338979
0.398549
1.00232
0.65587
1.20673
0.131119
1.65203
1.21442
1.09858
0.197271
0.426714
1.13734
1.76484
1.70866
1.18821
1.30254
1.0583
1.74509
1.96497
0.504798
0.742306
1.29448
1.12655
1.58299
1.12146
0.312725
1.24726
1.91612
0.000302738
1.26167
0.217171
1.51026
1.28253
1.8843
0.184979
1.20836
0.315288
0.702716
1.42102
0.851452
1.77871
0.968892
0.777033
0.179436
0.73576
1.88838
0.929096
1.71332
1.48325
1.09623
0.733246
1.03984
0.493288
0.874505
1.00203
1.64167
1.25417
0.675419
1.69355
1.89914
1.69467
1.44458
0.294435
1.57224
0.477717
0.979237
1.82668
1.46861
1.0171
0.490964
1.20389
1.13036
1.86949
0.439682
1.32795
1.61964
0.905103
0.823127
0.823655
0.0558083
1.86208
0.390127
1.07509
0.862789
1.50418
1.23211
1.55342
1.92916
1.60758
0.546924
1.10016
0.387638
0.59072
0.0484524
1.15313
0.695902
0.629722
1.89417
0.170671
0.579273
1.15254
0.89903
1.66962
0.451624
0.960557
1.53079
0.252951
1.30152
0.766121
0.0194168
0.999879
0.857793
1.56817
0.566007
0.255268
1.64983
1.98582
0.248698
1.91047
0.598616
1.57652
1.18324
1.12601
1.69742
1.11184
1.81005
1.1969
0.850251
0.600852
0.346082
0.0864754
0.712732
1.77272
1.01975
0.441379
1.06988
0.747455
1.92101
0.389978
1.49944
0.350192
1.41128
1.65619
0.705789
0.0962346
1.01098
1.6366
1.43759
1.8402
0.0574667
1.10745
1.18253
0.164834
0.283012
1.35964
1.50865
0.0942418
0.388424
0.921538
0.518437
0.12188
1.75351
0.624787
1.72381
1.86797
0.870814
0.417583
0.956281
0.869595
1.60545
0.421471
1.9092
0.908187
0.69278
0.186968
0.645245
0.447502
0.316365
0.722165
0.363791
1.01564
1.08898
0.282714
1.62922
1.98857
1.96793
0.804308
1.56552
1.27761
1.11349
1.38675
1.81767
0.206317
1.95448
1.86206
0.696559
1.53653
0.347666
0.439002
0.715004
0.297716
1.79753
0.853997
1.57954
1.57052
0.0189459
1.68863
1.43273
1.56482
0.518686
1.20206
0.911007
1.06096
1.36285
1.21696
1.3679
1.38061
1.71363
1.91225
0.120696
0.445048
1.90733
1.97251
0.87385
0.956905
1.72583
0.83522
0.0497535
1.85521
0.290102
0.298521
1.29687
1.92457
0.887126
1.65616
1.3647
1.81752
1.83957
0.313931
1.22301
1.30276
0.802105
0.032512
0.859184
0.276255
1.85677
1.45797
1.53525
1.10066
1.84516
0.240144
1.61359
0.45008
0.983369
0.0652032
0.667345
0.75699
0.0224336
1.3822
1.96909
1.62497
0.692958
1.39669
0.16975
0.14964
1.44527
1.93857
1.20716
0.756002
1.54023
1.41616
0.966037
1.54308
1.02668
1.13347
1.98646
1.1901
1.69627
1.25522
1.7726
1.69004
0.316656
1.9854
1.25995
0.608301
1.89873
1.42583
0.782272
1.12223
1.65658
0.676322
1.33944
0.524696
0.268234
1.60743
1.88554
0.74273
0.0903989
1.61898
0.303089
1.73388
1.6059
1.24641
1.65682
0.469044
0.939025
1.71094
1.77974
0.146906
1.48341
0.521605
0.426947
0.39661
0.104453
0.261172
0.0857905
0.661131
1.58434
0.10917
0.813617
1.43129
0.994386
0.420089
0.171238
1.63737
0.159459
0.805004
1.12345
0.249085
1.65038
0.253132
1.80252
0.537092
0.512707
1.1262
1.91609
0.713095
1.11564
1.46026
0.0618974
1.1735
1.94586
0.672381
0.524447
0.255661
1.16098
0.0907468
1.01692
0.440979
0.335471
1.82384
0.13764
0.398008
0.412948
0.245473
0.625823
1.35266
0.157443
0.113956
0.659124
1.44045
0.136343
1.52388
1.67464
1.59125
1.30424
1.21731
0.372269
0.440497
1.62514
0.859549
0.714203
0.548547
1.26492
1.60662
0.0592197
1.81119
1.72878
0.849997
1.79311
1.26543
1.31032
0.497685
0.153578
1.17422
0.589506
1.01332
0.122557
1.37036
0.842359
1.89079
1.07927
1.4854
1.19568
1.17181
1.02066
0.767899
0.341652
1.14586
0.152832
0.524851
1.1662
0.286253
1.30276
0.581719
1.72226
0.630595
0.667652
1.08087
1.09098
0.111597
1.31549
1.89262
0.140379
1.17175
1.52849
0.174447
0.288018
1.41068
0.719493
0.242284
0.394942
0.0930916
0.279467
1.48337
0.164865
0.455637
0.140103
0.251156
1.19802
0.375863
0.675845
0.296259
1.06522
1.99555
1.09037
1.98248
0.711642
0.826074
0.405599
0.164924
0.952916
0.466023
0.257636
0.874165
1.96114
0.734723
1.38446
1.35802
1.44401
0.438893
0.540537
1.12818
1.64437
0.458217
1.32171
0.17956
1.00094
0.0806273
0.497572
1.15616
1.30459
1.52584
0.300245
0.292363
1.2228
0.335475
0.32441
0.302027
0.526408
0.850072
0.869811
1.82612
1.90938
0.663615
0.567977
0.460106
1.03417
1.32195
1.61467
0.464157
0.0849573
0.434588
0.374292
1.19412
0.24164
1.68181
1.4624
1.86173
0.228038
1.70122
1.37349
0.81392
1.38708
1.18375
1.17997
1.55896
1.81062
1.92695
0.906802
0.599882
0.579243
1.84733
0.756452
0.565018
0.259891
0.458064
1.84265
0.339158
1.82746
0.529443
1.86415
0.474628
0.406587
1.62479
0.201224
1.39034
1.59802
0.436451
0.612816
0.417753
1.39852
0.242003
1.89747
1.71554
1.60995
0.425522
1.85671
1.36929
1.71446
1.48033
1.21736
0.0609605
1.56685
0.0261891
1.78574
1.08822
1.4299
0.802938
0.728234
0.300478
0.0881923
1.30524
0.98871
0.635094
1.1196
0.515754
1.74092
0.600225
1.22798
1.06078
1.81975
0.313738
1.7889
1.79043
1.91151
0.0441626
0.325372
1.02541
1.28296
1.37845
0.0660482
1.19731
1.84599
1.07957
0.908468
0.819128
0.813341
0.506149
1.25534
0.0498623
1.7088
0.281629
0.195027
0.488539
1.86819
0.885007
1.27692
1.40324
0.264718
0.384105
0.215926
1.4681
0.912501
0.825168
1.87644
1.08179
1.35565
0.11324
1.34516
1.84012
0.487653
1.53875
0.341532
0.00438935
0.151973
0.650083
0.703268
0.909939
0.0772689
1.31916
0.754698
0.643133
1.43687
0.473258
0.275588
1.51505
0.842425
0.502238
1.46196
1.63514
0.649074
0.130114
1.61969
0.741475
1.8398
0.187444
0.68046
1.67889
0.00369725
0.4567
0.170989
0.621914
0.881789
1.34812
1.39891
0.742283
1.96641
0.467709
1.08962
1.24402
0.639933
0.838714
1.94107
0.285686
1.31149
1.76436
1.20225
0.0835618
0.267703
1.73844
1.12908
0.0759283
0.88625
0.637828
0.487482
1.9615
0.728791
0.0853645
1.96602
0.299718
0.662294
1.54438
1.1031
0.564991
0.782853
1.45819
0.252574
1.01862
0.145504
1.22321
0.553116
0.448615
0.909401
1.99528
0.834228
1.6301
0.690839
1.86963
0.0598932
1.93735
1.69224
1.32047
1.43714
0.135499
0.0379674
0.387446
1.83517
1.4362
1.33029
1.52895
1.9905
1.98917
1.24058
1.05864
1.43358
1.3632
1.61715
0.293092
0.556566
1.61743
0.788107
1.7499
0.888054
1.33325
0.994518
0.1686
0.693097
0.498671
1.37944
0.67182
0.4615
1.2864
1.96773
1.10598
1.84535
1.17101
1.01257
1.80984
1.05112
1.52191
0.912353
1.58811
1.875
0.400432
0.691497
1.25793
1.92466
1.69356
0.128477
1.9573
1.12275
1.85513
0.686942
0.395227
0.879143
0.367139
1.28368
1.05445
0.200548
0.596487
1.31013
0.743944
0.0129646
0.690648
1.02709
0.440709
0.687339
1.65279
1.393
0.625484
0.798583
0.192633
1.18736
0.015215
1.81289
1.65955
0.955385
1.16879
0.806744
0.708993
0.0680842
0.121099
1.36261
0.457424
1.06445
0.443952
1.33434
1.98902
1.48039
0.954719
0.114841
0.745895
0.39391
0.594222
0.173192
1.32685
0.497515
1.66172
1.44549
1.62531
1.23251
0.283016
1.04715
1.25137
0.648475
0.767656
0.846191
1.78672
1.24056
0.771794
0.0329782
0.504044
1.40235
1.93084
1.37083
1.00067
0.662315
0.112777
1.4014
1.0365
1.54333
0.363178
1.70124
1.12759
0.421599
1.58295
0.311656
0.460496
1.30636
1.31266
0.382685
1.3433
0.970532
0.659935
1.73705
0.14557
1.12954
0.275472
1.47736
0.0218704
1.78282
1.14306
1.07036
0.340781
1.80769
1.18922
1.80298
1.00937
0.368407
0.437052
1.55625
1.54264
1.01895
0.911255
1.30405
0.227872
1.58252
1.10576
1.03018
0.394407
1.75017
1.97161
0.796995
0.487371
0.25323
0.466657
1.51707
0.161494
0.217963
1.77445
1.41355
1.57764
1.28046
0.234177
0.140487
0.244969
0.29171
1.66746
1.17347
1.58927
1.29439
0.853578
0.700107
1.78901
1.92573
1.42363
1.21775
0.253495
0.968058
0.925672
0.940131
1.12572
1.2726
1.74669
1.90576
1.00681
1.03042
0.38369
0.815734
0.184376
1.38713
1.84547
0.638969
0.11062
0.0498647
1.03932
0.785775
1.14752
1.6976
0.0739442
1.14826
0.035158
1.73369
1.05429
1.12783
0.0125833
0.480265
0.621376
0.914377
0.793958
1.95312
1.90195
1.72572
0.602467
1.07736
1.35831
1.68239
0.439466
0.128781
0.0732503
0.272816
0.393828
1.55349
1.95767
0.89404
0.431921
1.93156
1.83395
1.51245
0.154512
1.74207
0.6048
0.471469
0.356538
0.119121
0.0304212
1.44179
1.40681
1.27188
0.77385
0.344104
0.741037
0.992556
0.207566
0.065304
0.786674
1.92004
0.299372
1.83945
0.386258
0.789489
1.32352
0.659656
1.37368
0.995278
1.29038
1.5251
0.117164
1.06271
1.76967
0.717638
1.07772
0.535766
0.866187
1.57192
1.13863
0.479513
1.78733
0.487728
0.728359
0.656037
0.337842
1.83918
0.596847
0.529054
1.59115
0.663115
0.622731
0.825872
0.20087
0.0351664
1.89346
0.120191
1.23601
1.83961
1.94821
1.85064
1.06234
1.79542
0.788653
0.490939
1.21549
0.199681
0.861795
1.96188
1.35653
0.0298519
1.21255
0.815952
0.393263
1.19533
0.988918
0.822649
1.83138
0.205692
0.12701
1.15236
0.829392
1.5757
0.931344
0.104321
1.77188
1.52723
1.8516
1.98969
1.55414
1.44794
0.638247
0.225139
0.789451
1.3237
0.767482
0.223685
0.398793
1.66733
1.88341
0.0590078
1.72991
0.373712
0.0414208
1.49832
0.772208
1.79921
1.84635
1.94597
1.55021
0.645562
1.74683
1.00966
1.36298
1.00773
1.43238
1.49114
0.197948
1.52612
0.271924
0.0575928
1.67086
0.208905
1.87832
0.409907
1.1379
1.99767
0.797018
0.0752229
1.58585
0.981374
1.4819
1.25105
1.83457
1.81482
1.01219
0.816945
1.8127
1.76817
1.91937
0.35351
1.72799
1.46568
0.996969
0.604502
1.205
1.87715
1.81889
0.0571056
0.1155
0.310698
0.265026
1.35688
1.45868
1.73389
0.0242755
1.60123
0.292503
0.376707
1.72362
1.70835
1.03198
0.72425
1.7404
0.247184
0.58741
0.672762
0.0802087
0.713711
1.07913
1.55407
0.0774023
1.88626
1.22744
0.471843
1.76087
1.98369
0.522151
1.39711
0.783653
1.3532
0.337602
1.75334
1.28791
0.479599
0.825971
1.63607
1.61924
0.117699
0.212756
1.58919
1.05595
0.225079
0.463403
1.55709
0.136883
1.61172
1.59127
0.177683
1.05498
0.415526
1.14991
1.36769
0.0652307
1.97711
1.61953
0.706184
0.522397
1.2411
0.287075
1.33172
1.59862
0.0397265
1.14861
1.04482
0.283665
0.579947
1.66578
0.302815
0.182915
0.00360568
0.815491
0.681605
1.15565
1.3618
0.110358
0.686878
0.769881
1.32535
0.735182
1.74902
1.58479
1.83653
1.34843
1.26501
1.54813
0.842892
0.509814
0.0524534
0.910995
0.315231
0.905853
1.55537
1.72051
1.5389
1.20497
0.853186
1.42901
1.60495
1.12903
1.08536
0.794447
0.302633
1.48052
1.33419
0.0732569
1.28118
0.418459
0.825299
0.924929
1.14305
1.6971
1.66029
0.14503
0.185765
1.86398
0.791619
0.699135
1.81678
0.480179
1.31979
0.497788
0.191303
0.814125
0.625673
1.44493
1.30797
1.9498
0.509103
0.22984
0.0953617
1.79271
1.59737
1.4617
0.517641
0.592858
1.35209
1.21492
0.830055
1.0655
1.05186
1.56262
0.625824
1.44905
0.729059
0.54445
1.26019
1.85157
1.16862
1.11856
0.169996
1.26669
1.85928
0.0167819
0.408036
1.34129
1.51748
1.76917
0.776968
0.98164
0.956534
1.60207
1.10632
0.432396
0.108003
1.0786
1.38177
0.066578
0.784732
1.03378
1.79376
1.76609
0.994196
1.12397
0.170378
0.711128
0.598139
1.21946
1.73845
0.935014
1.15367
1.17988
0.156912
1.12728
0.0935569
0.244969
1.03105
0.0917411
1.42223
1.39587
1.88654
0.51708
1.13549
0.830293
0.542694
1.99126
0.697016
0.772185
0.550191
1.9437
1.39548
1.48303
1.48478
1.99699
1.16139
0.480453
1.09625
1.005
1.75663
1.37228
0.510172
1.19781
1.99441
1.78352
0.357499
0.729208
1.7918
1.311
1.33012
0.833733
0.264736
0.0175929
0.980936
0.266332
1.17969
1.84037
1.28607
0.661515
0.664627
1.83645
1.3158
1.15014
1.27632
1.82117
0.0189851
1.46794
1.76815
1.53797
0.784214
1.67963
0.619172
0.585949
0.924646
1.88518
1.85812
1.46421
0.014635
1.72279
1.71081
1.48189
0.587603
0.903333
0.748286
1.90116
1.75422
0.229686
1.12798
1.73479
1.12527
0.62236
1.6132
1.94686
1.14876
0.848455
1.53652
1.89339
0.122707
1.44786
0.696428
0.370972
0.413205
1.2871
1.82123
1.36254
0.00438012
0.00775939
1.23802
0.68718
0.445764
0.122112
1.43419
1.10536
0.21479
0.74671
1.33712
1.74298
0.199173
1.95187
0.25447
0.414001
0.638573
0.01572
1.80328
1.48931
0.547431
1.96456
0.748742
0.518828
0.412974
0.297489
1.46971
1.53102
1.8707
1.59542
0.653377
1.81426
1.21364
0.643501
1.03348
0.334897
1.17887
0.778291
1.76581
1.76567
1.26003
0.626277
0.566617
0.831714
1.38766
0.378202
1.65027
0.476755
1.25542
1.71905
1.87404
0.495871
0.228747
0.468885
1.05915
1.83279
0.92279
1.5903
1.66938
1.04732
0.387322
0.193865
1.26902
1.13307
0.908709
0.233966
1.48631
0.11485
0.062027
1.64659
0.828578
0.458039
0.796863
0.845152
1.43083
0.636642
0.533946
0.979401
1.70279
1.46146
1.96343
1.84908
0.224019
0.517806
0.211635
0.537282
1.71047
1.56379
0.59204
0.383382
0.136069
1.34113
1.10318
1.07933
0.305677
1.74574
1.79912
0.497853
0.876797
0.886078
0.177934
0.151722
1.85948
1.55045
1.38488
0.870611
1.48751
0.804989
0.881628
1.8417
1.11071
0.325707
1.10156
1.84711
1.36124
1.05982
0.0236958
0.8643
1.90912
1.98941
1.57168
0.845709
0.145644
0.843737
1.92543
1.61119
0.797615
1.91859
1.61495
0.367188
1.5352
0.861403
1.48763
0.686256
1.14679
0.0549519
1.34665
1.43654
1.22029
1.86412
1.08672
1.94791
1.33364
0.0865997
1.36649
0.148102
0.0148104
1.14481
1.437
0.934679
0.169976
1.75051
0.0864462
0.124658
1.72235
0.446125
0.0917108
0.383781
0.452666
1.45014
0.573247
0.44002
1.99246
1.58711
1.40593
1.01623
1.9794
0.586936
1.52872
1.84144
0.969506
0.737591
0.889772
0.466431
0.389127
0.457209
1.22004
0.714823
1.95186
0.183835
1.68477
1.54029
0.603524
1.63016
0.371947
1.40704
0.902596
1.95014
1.74001
1.88571
1.34834
0.524653
0.539588
0.621732
1.51275
1.76638
1.7544
1.32641
0.0373887
0.599306
1.98412
0.626966
1.58615
1.7088
1.08258
0.882182
1.34568
0.842708
1.06551
1.92041
1.78248
0.231892
0.505278
1.21428
0.922317
1.48282
1.73018
1.10616
1.06624
0.76628
0.0811117
0.809934
1.98676
0.519456
1.26193
1.34137
1.33475
0.783069
1.73805
1.69814
0.474857
0.437658
0.430733
1.80856
0.633153
1.13693
1.99151
1.08219
1.74994
0.969922
0.211273
1.94794
1.84983
0.708283
0.847872
0.853329
0.993594
1.22405
0.675285
0.954809
1.90761
1.63186
0.841306
0.682791
0.321091
0.765739
1.83759
0.674649
1.06566
1.84781
1.14126
1.70808
1.11059
1.94577
1.68411
1.93998
0.784985
1.83637
0.501698
1.55343
1.51494
0.0837555
1.92082
1.13547
1.38004
1.77073
1.47337
1.46585
1.03173
0.029054
0.489176
1.07176
1.53765
0.872082
1.98521
0.193281
0.493441
0.291489
1.32091
0.937888
6.3e-05
0.510362
0.00936664
1.93144
0.309312
1.1679
0.570688
1.69853
1.17428
0.00844503
1.23757
1.98086
0.501844
0.00926265
1.21129
1.13181
0.369446
0.447712
1.89428
1.46223
1.86989
0.371856
1.67551
1.45767
1.13777
1.46484
1.65586
1.32409
0.545107
1.41429
0.0676287
0.524451
1.32044
1.76138
0.66536
0.163542
1.51651
0.996902
0.211767
1.6128
1.25391
1.40089
0.663999
1.85833
1.6333
0.600343
1.43049
0.0480148
0.0610722
1.46411
1.2025
1.21317
1.89707
1.33962
1.65796
1.88302
1.29309
1.16975
0.1308
0.251596
0.873417
1.98129
1.8892
0.37595
0.976573
0.23599
0.327002
1.24154
1.16193
0.553436
0.822337
1.70854
1.96752
1.48884
1.98977
0.566251
1.77178
1.18945
0.0817396
0.592726
0.0431563
1.90338
0.63653
1.26629
1.46683
0.817867
0.428189
1.59322
0.372775
0.174587
0.393112
1.91576
1.16861
0.0553127
0.525553
0.32512
0.787461
1.22019
1.81792
1.00837
1.69664
0.95347
0.59277
0.143666
1.73963
0.524625
1.28252
1.11895
0.281244
0.0146075
1.74681
0.664762
0.463168
0.153782
0.201934
0.186562
0.376185
0.935848
1.03957
1.18829
1.93598
1.65085
0.572452
0.407308
1.17178
0.147514
1.6336
1.91484
1.2419
0.440625
0.866602
0.869902
0.610701
0.993747
0.810376
1.079
1.47407
1.37976
0.510778
1.96622
1.29045
0.0134011
1.16651
1.4682
0.308777
1.56342
0.618485
0.109137
0.401404
0.3804
0.0975975
0.651478
1.13083
1.30391
1.87283
0.197521
1.22055
1.10192
1.13191
1.71721
0.0411149
1.67862
0.715305
0.6621
0.752818
0.447324
0.726692
1.09037
0.0518176
1.69604
0.0742226
0.370825
1.88282
0.977545
1.39772
1.79746
0.764533
0.586898
1.90217
0.0175901
0.128113
0.902204
1.95848
1.75959
0.641664
0.284021
0.87255
0.257213
1.89886
1.57172
1.0145
0.263962
1.88824
0.368106
1.06765
0.545939
0.81039
1.8173
1.1125
0.975817
1.91476
0.0153227
0.615549
0.105531
0.555403
0.356942
0.873707
1.30178
0.325194
1.20361
1.87382
0.448642
1.1081
0.300494
0.107015
0.921233
1.55086
0.98377
1.93996
1.97233
1.59032
0.898643
1.71799
1.82653
0.589563
1.58891
1.88556
0.325374
1.86743
1.44416
1.06197
1.87067
0.73654
1.39115
1.09511
1.36576
0.188505
1.20442
1.63204
1.0214
1.30611
0.366501
1.28085
1.0997
1.48779
1.00269
1.01337
0.839289
1.87891
0.393629
0.821087
0.0590465
0.865664
1.47885
0.204477
0.799168
1.71997
1.41172
1.73643
1.52482
1.00433
1.72678
1.36338
1.98675
0.846189
0.214596
1.0817
1.2269
1.50407
0.4207
0.867034
0.881514
0.915582
0.835899
0.672965
0.811951
1.05707
0.219491
0.386138
1.01474
1.58471
1.94507
0.0292906
0.89002
1.94504
0.481099
1.2643
1.68259
0.590236
0.600148
1.80369
1.62838
1.03668
1.6817
1.30373
1.86708
1.85081
1.76591
0.0663197
0.541294
1.81694
1.6718
1.74941
0.611514
1.99831
0.442971
1.56922
1.64259
0.661697
0.00651232
1.65849
0.990579
0.017658
1.33313
0.95526
0.622784
0.748362
1.40674
1.75173
0.924325
0.346238
1.39093
0.600932
0.401443
0.498618
1.34643
1.93576
0.774393
0.892648
1.96997
0.830392
1.2097
1.64733
0.883867
1.9162
0.207437
0.744174
0.559088
0.707066
1.74785
1.5284
1.61496
0.847477
1.3452
0.673175
0.542538
1.09282
0.709166
0.926306
1.98872
0.131329
1.77076
1.88238
1.18892
1.57291
0.820154
0.87845
1.33273
0.810324
1.82802
0.444955
1.35423
1.44106
0.862546
0.741954
0.573228
0.17364
0.189967
0.590382
1.39643
0.394757
0.483532
1.44257
1.4213
1.05588
1.15247
0.273537
1.34773
1.86342
0.354783
1.27808
1.94085
1.82363
0.699606
0.129336
1.46473
1.47622
1.00048
1.37741
0.385159
0.74226
1.5252
0.78417
0.186959
0.318945
0.407721
1.57499
1.68264
1.75596
1.24267
1.44378
1.67194
1.17931
1.22243
0.215964
0.946023
1.59322
1.76161
1.48449
0.157903
1.85837
